00000000000000000000000000000000
01000000000000000000000000000000
01001000000000000000000000000000
01001100000000000000000000000000
01010000000000000000000000000000
01010010000000000000000000000000
01010100000000000000000000000000
01010110000000000000000000000000
01011000000000000000000000000000
01011001000000000000000000000000
01011010000000000000000000000000
01011011000000000000000000000000
01011100000000000000000000000000
01011101000000000000000000000000
01011110000000000000000000000000
01011111000000000000000000000000
01100000000000000000000000000000
01100000010000000000000000000000
01100000100000000000000000000000
01100000110000000000000000000000
01100001000000000000000000000000
01100001010000000000000000000000
01100001100000000000000000000000
01100001110000000000000000000000
01100010000000000000000000000000
01100010010000000000000000000000
01100010100000000000000000000000
01100010110000000000000000000000
01100011000000000000000000000000
01100011010000000000000000000000
01100011100000000000000000000000
01100011110000000000000000000000
01100100000000000000000000000000
01100100001000000000000000000000
01100100010000000000000000000000
01100100011000000000000000000000
01100100100000000000000000000000
01100100101000000000000000000000
01100100110000000000000000000000
01100100111000000000000000000000
01100101000000000000000000000000
01100101001000000000000000000000
01100101010000000000000000000000
01100101011000000000000000000000
01100101100000000000000000000000
01100101101000000000000000000000
01100101110000000000000000000000
01100101111000000000000000000000
01100110000000000000000000000000
01100110001000000000000000000000
01100110010000000000000000000000
01100110011000000000000000000000
01100110100000000000000000000000
01100110101000000000000000000000
01100110110000000000000000000000
01100110111000000000000000000000
01100111000000000000000000000000
01100111001000000000000000000000
01100111010000000000000000000000
01100111011000000000000000000000
01100111100000000000000000000000
01100111101000000000000000000000
01100111110000000000000000000000
01100111111000000000000000000000
01101000000000000000000000000000
01101000000100000000000000000000
01101000001000000000000000000000
01101000001100000000000000000000
01101000010000000000000000000000
01101000010100000000000000000000
01101000011000000000000000000000
01101000011100000000000000000000
01101000100000000000000000000000
01101000100100000000000000000000
01101000101000000000000000000000
01101000101100000000000000000000
01101000110000000000000000000000
01101000110100000000000000000000
01101000111000000000000000000000
01101000111100000000000000000000
01101001000000000000000000000000
01101001000100000000000000000000
01101001001000000000000000000000
01101001001100000000000000000000
01101001010000000000000000000000
01101001010100000000000000000000
01101001011000000000000000000000
01101001011100000000000000000000
01101001100000000000000000000000
01101001100100000000000000000000
01101001101000000000000000000000
01101001101100000000000000000000
01101001110000000000000000000000
01101001110100000000000000000000
01101001111000000000000000000000
01101001111100000000000000000000
01101010000000000000000000000000
01101010000100000000000000000000
01101010001000000000000000000000
01101010001100000000000000000000
01101010010000000000000000000000
01101010010100000000000000000000
01101010011000000000000000000000
01101010011100000000000000000000
01101010100000000000000000000000
01101010100100000000000000000000
01101010101000000000000000000000
01101010101100000000000000000000
01101010110000000000000000000000
01101010110100000000000000000000
01101010111000000000000000000000
01101010111100000000000000000000
01101011000000000000000000000000
01101011000100000000000000000000
01101011001000000000000000000000
01101011001100000000000000000000
01101011010000000000000000000000
01101011010100000000000000000000
01101011011000000000000000000000
01101011011100000000000000000000
01101011100000000000000000000000
01101011100100000000000000000000
01101011101000000000000000000000
01101011101100000000000000000000
01101011110000000000000000000000
01101011110100000000000000000000
01101011111000000000000000000000
01101011111100000000000000000000
01101100000000000000000000000000
01101100000010000000000000000000
01101100000100000000000000000000
01101100000110000000000000000000
01101100001000000000000000000000
01101100001010000000000000000000
01101100001100000000000000000000
01101100001110000000000000000000
01101100010000000000000000000000
01101100010010000000000000000000
01101100010100000000000000000000
01101100010110000000000000000000
01101100011000000000000000000000
01101100011010000000000000000000
01101100011100000000000000000000
01101100011110000000000000000000
01101100100000000000000000000000
01101100100010000000000000000000
01101100100100000000000000000000
01101100100110000000000000000000
01101100101000000000000000000000
01101100101010000000000000000000
01101100101100000000000000000000
01101100101110000000000000000000
01101100110000000000000000000000
01101100110010000000000000000000
01101100110100000000000000000000
01101100110110000000000000000000
01101100111000000000000000000000
01101100111010000000000000000000
01101100111100000000000000000000
01101100111110000000000000000000
01101101000000000000000000000000
01101101000010000000000000000000
01101101000100000000000000000000
01101101000110000000000000000000
01101101001000000000000000000000
01101101001010000000000000000000
01101101001100000000000000000000
01101101001110000000000000000000
01101101010000000000000000000000
01101101010010000000000000000000
01101101010100000000000000000000
01101101010110000000000000000000
01101101011000000000000000000000
01101101011010000000000000000000
01101101011100000000000000000000
01101101011110000000000000000000
01101101100000000000000000000000
01101101100010000000000000000000
01101101100100000000000000000000
01101101100110000000000000000000
01101101101000000000000000000000
01101101101010000000000000000000
01101101101100000000000000000000
01101101101110000000000000000000
01101101110000000000000000000000
01101101110010000000000000000000
01101101110100000000000000000000
01101101110110000000000000000000
01101101111000000000000000000000
01101101111010000000000000000000
01101101111100000000000000000000
01101101111110000000000000000000
01101110000000000000000000000000
01101110000010000000000000000000
01101110000100000000000000000000
01101110000110000000000000000000
01101110001000000000000000000000
01101110001010000000000000000000
01101110001100000000000000000000
01101110001110000000000000000000
01101110010000000000000000000000
01101110010010000000000000000000
01101110010100000000000000000000
01101110010110000000000000000000
01101110011000000000000000000000
01101110011010000000000000000000
01101110011100000000000000000000
01101110011110000000000000000000
01101110100000000000000000000000
01101110100010000000000000000000
01101110100100000000000000000000
01101110100110000000000000000000
01101110101000000000000000000000
01101110101010000000000000000000
01101110101100000000000000000000
01101110101110000000000000000000
01101110110000000000000000000000
01101110110010000000000000000000
01101110110100000000000000000000
01101110110110000000000000000000
01101110111000000000000000000000
01101110111010000000000000000000
01101110111100000000000000000000
01101110111110000000000000000000
01101111000000000000000000000000
01101111000010000000000000000000
01101111000100000000000000000000
01101111000110000000000000000000
01101111001000000000000000000000
01101111001010000000000000000000
01101111001100000000000000000000
01101111001110000000000000000000
01101111010000000000000000000000
01101111010010000000000000000000
01101111010100000000000000000000
01101111010110000000000000000000
01101111011000000000000000000000
01101111011010000000000000000000
01101111011100000000000000000000
01101111011110000000000000000000
01101111100000000000000000000000
01101111100010000000000000000000
01101111100100000000000000000000
01101111100110000000000000000000
01101111101000000000000000000000
01101111101010000000000000000000
01101111101100000000000000000000
01101111101110000000000000000000
01101111110000000000000000000000
01101111110010000000000000000000
01101111110100000000000000000000
01101111110110000000000000000000
01101111111000000000000000000000
01101111111010000000000000000000
01101111111100000000000000000000
01101111111110000000000000000000
01110000000000000000000000000000
01110000000000100000000000000000
01110000000001000000000000000000
01110000000001100000000000000000
01110000000010000000000000000000
01110000000010100000000000000000
01110000000011000000000000000000
01110000000011100000000000000000
01110000000100000000000000000000
01110000000100100000000000000000
01110000000101000000000000000000
01110000000101100000000000000000
01110000000110000000000000000000
01110000000110100000000000000000
01110000000111000000000000000000
01110000000111100000000000000000
01110000001000000000000000000000
01110000001000100000000000000000
01110000001001000000000000000000
01110000001001100000000000000000
01110000001010000000000000000000
01110000001010100000000000000000
01110000001011000000000000000000
01110000001011100000000000000000
01110000001100000000000000000000
01110000001100100000000000000000
01110000001101000000000000000000
01110000001101100000000000000000
01110000001110000000000000000000
01110000001110100000000000000000
01110000001111000000000000000000
01110000001111100000000000000000
01110000010000000000000000000000
01110000010000100000000000000000
01110000010001000000000000000000
01110000010001100000000000000000
01110000010010000000000000000000
01110000010010100000000000000000
01110000010011000000000000000000
01110000010011100000000000000000
01110000010100000000000000000000
01110000010100100000000000000000
01110000010101000000000000000000
01110000010101100000000000000000
01110000010110000000000000000000
01110000010110100000000000000000
01110000010111000000000000000000
01110000010111100000000000000000
01110000011000000000000000000000
01110000011000100000000000000000
01110000011001000000000000000000
01110000011001100000000000000000
01110000011010000000000000000000
01110000011010100000000000000000
01110000011011000000000000000000
01110000011011100000000000000000
01110000011100000000000000000000
01110000011100100000000000000000
01110000011101000000000000000000
01110000011101100000000000000000
01110000011110000000000000000000
01110000011110100000000000000000
01110000011111000000000000000000
01110000011111100000000000000000
01110000100000000000000000000000
01110000100000100000000000000000
01110000100001000000000000000000
01110000100001100000000000000000
01110000100010000000000000000000
01110000100010100000000000000000
01110000100011000000000000000000
01110000100011100000000000000000
01110000100100000000000000000000
01110000100100100000000000000000
01110000100101000000000000000000
01110000100101100000000000000000
01110000100110000000000000000000
01110000100110100000000000000000
01110000100111000000000000000000
01110000100111100000000000000000
01110000101000000000000000000000
01110000101000100000000000000000
01110000101001000000000000000000
01110000101001100000000000000000
01110000101010000000000000000000
01110000101010100000000000000000
01110000101011000000000000000000
01110000101011100000000000000000
01110000101100000000000000000000
01110000101100100000000000000000
01110000101101000000000000000000
01110000101101100000000000000000
01110000101110000000000000000000
01110000101110100000000000000000
01110000101111000000000000000000
01110000101111100000000000000000
01110000110000000000000000000000
01110000110000100000000000000000
01110000110001000000000000000000
01110000110001100000000000000000
01110000110010000000000000000000
01110000110010100000000000000000
01110000110011000000000000000000
01110000110011100000000000000000
01110000110100000000000000000000
01110000110100100000000000000000
01110000110101000000000000000000
01110000110101100000000000000000
01110000110110000000000000000000
01110000110110100000000000000000
01110000110111000000000000000000
01110000110111100000000000000000
01110000111000000000000000000000
01110000111000100000000000000000
01110000111001000000000000000000
01110000111001100000000000000000
01110000111010000000000000000000
01110000111010100000000000000000
01110000111011000000000000000000
01110000111011100000000000000000
01110000111100000000000000000000
01110000111100100000000000000000
01110000111101000000000000000000
01110000111101100000000000000000
01110000111110000000000000000000
01110000111110100000000000000000
01110000111111000000000000000000
01110000111111100000000000000000
01110001000000000000000000000000
01110001000000100000000000000000
01110001000001000000000000000000
01110001000001100000000000000000
01110001000010000000000000000000
01110001000010100000000000000000
01110001000011000000000000000000
01110001000011100000000000000000
01110001000100000000000000000000
01110001000100100000000000000000
01110001000101000000000000000000
01110001000101100000000000000000
01110001000110000000000000000000
01110001000110100000000000000000
01110001000111000000000000000000
01110001000111100000000000000000
01110001001000000000000000000000
01110001001000100000000000000000
01110001001001000000000000000000
01110001001001100000000000000000
01110001001010000000000000000000
01110001001010100000000000000000
01110001001011000000000000000000
01110001001011100000000000000000
01110001001100000000000000000000
01110001001100100000000000000000
01110001001101000000000000000000
01110001001101100000000000000000
01110001001110000000000000000000
01110001001110100000000000000000
01110001001111000000000000000000
01110001001111100000000000000000
01110001010000000000000000000000
01110001010000100000000000000000
01110001010001000000000000000000
01110001010001100000000000000000
01110001010010000000000000000000
01110001010010100000000000000000
01110001010011000000000000000000
01110001010011100000000000000000
01110001010100000000000000000000
01110001010100100000000000000000
01110001010101000000000000000000
01110001010101100000000000000000
01110001010110000000000000000000
01110001010110100000000000000000
01110001010111000000000000000000
01110001010111100000000000000000
01110001011000000000000000000000
01110001011000100000000000000000
01110001011001000000000000000000
01110001011001100000000000000000
01110001011010000000000000000000
01110001011010100000000000000000
01110001011011000000000000000000
01110001011011100000000000000000
01110001011100000000000000000000
01110001011100100000000000000000
01110001011101000000000000000000
01110001011101100000000000000000
01110001011110000000000000000000
01110001011110100000000000000000
01110001011111000000000000000000
01110001011111100000000000000000
01110001100000000000000000000000
01110001100000100000000000000000
01110001100001000000000000000000
01110001100001100000000000000000
01110001100010000000000000000000
01110001100010100000000000000000
01110001100011000000000000000000
01110001100011100000000000000000
01110001100100000000000000000000
01110001100100100000000000000000
01110001100101000000000000000000
01110001100101100000000000000000
01110001100110000000000000000000
01110001100110100000000000000000
01110001100111000000000000000000
01110001100111100000000000000000
01110001101000000000000000000000
01110001101000100000000000000000
01110001101001000000000000000000
01110001101001100000000000000000
01110001101010000000000000000000
01110001101010100000000000000000
01110001101011000000000000000000
01110001101011100000000000000000
01110001101100000000000000000000
01110001101100100000000000000000
01110001101101000000000000000000
01110001101101100000000000000000
01110001101110000000000000000000
01110001101110100000000000000000
01110001101111000000000000000000
01110001101111100000000000000000
01110001110000000000000000000000
01110001110000100000000000000000
01110001110001000000000000000000
01110001110001100000000000000000
01110001110010000000000000000000
01110001110010100000000000000000
01110001110011000000000000000000
01110001110011100000000000000000
01110001110100000000000000000000
01110001110100100000000000000000
01110001110101000000000000000000
01110001110101100000000000000000
01110001110110000000000000000000
01110001110110100000000000000000
01110001110111000000000000000000
01110001110111100000000000000000
01110001111000000000000000000000
01110001111000100000000000000000
01110001111001000000000000000000
01110001111001100000000000000000
01110001111010000000000000000000
01110001111010100000000000000000
01110001111011000000000000000000
01110001111011100000000000000000
01110001111100000000000000000000
01110001111100100000000000000000
01110001111101000000000000000000
01110001111101100000000000000000
01110001111110000000000000000000
01110001111110100000000000000000
01110001111111000000000000000000
01110001111111100000000000000000
01110010000000000000000000000000
01110010000000010000000000000000
01110010000000100000000000000000
01110010000000110000000000000000
01110010000001000000000000000000
01110010000001010000000000000000
01110010000001100000000000000000
01110010000001110000000000000000
01110010000010000000000000000000
01110010000010010000000000000000
01110010000010100000000000000000
01110010000010110000000000000000
01110010000011000000000000000000
01110010000011010000000000000000
01110010000011100000000000000000
01110010000011110000000000000000
01110010000100000000000000000000
01110010000100010000000000000000
01110010000100100000000000000000
01110010000100110000000000000000
01110010000101000000000000000000
01110010000101010000000000000000
01110010000101100000000000000000
01110010000101110000000000000000
01110010000110000000000000000000
01110010000110010000000000000000
01110010000110100000000000000000
01110010000110110000000000000000
01110010000111000000000000000000
01110010000111010000000000000000
01110010000111100000000000000000
01110010000111110000000000000000
01110010001000000000000000000000
01110010001000010000000000000000
01110010001000100000000000000000
01110010001000110000000000000000
01110010001001000000000000000000
01110010001001010000000000000000
01110010001001100000000000000000
01110010001001110000000000000000
01110010001010000000000000000000
01110010001010010000000000000000
01110010001010100000000000000000
01110010001010110000000000000000
01110010001011000000000000000000
01110010001011010000000000000000
01110010001011100000000000000000
01110010001011110000000000000000
01110010001100000000000000000000
01110010001100010000000000000000
01110010001100100000000000000000
01110010001100110000000000000000
01110010001101000000000000000000
01110010001101010000000000000000
01110010001101100000000000000000
01110010001101110000000000000000
01110010001110000000000000000000
01110010001110010000000000000000
01110010001110100000000000000000
01110010001110110000000000000000
01110010001111000000000000000000
01110010001111010000000000000000
01110010001111100000000000000000
01110010001111110000000000000000
01110010010000000000000000000000
01110010010000010000000000000000
01110010010000100000000000000000
01110010010000110000000000000000
01110010010001000000000000000000
01110010010001010000000000000000
01110010010001100000000000000000
01110010010001110000000000000000
01110010010010000000000000000000
01110010010010010000000000000000
01110010010010100000000000000000
01110010010010110000000000000000
01110010010011000000000000000000
01110010010011010000000000000000
01110010010011100000000000000000
01110010010011110000000000000000
01110010010100000000000000000000
01110010010100010000000000000000
01110010010100100000000000000000
01110010010100110000000000000000
01110010010101000000000000000000
01110010010101010000000000000000
01110010010101100000000000000000
01110010010101110000000000000000
01110010010110000000000000000000
01110010010110010000000000000000
01110010010110100000000000000000
01110010010110110000000000000000
01110010010111000000000000000000
01110010010111010000000000000000
01110010010111100000000000000000
01110010010111110000000000000000
01110010011000000000000000000000
01110010011000010000000000000000
01110010011000100000000000000000
01110010011000110000000000000000
01110010011001000000000000000000
01110010011001010000000000000000
01110010011001100000000000000000
01110010011001110000000000000000
01110010011010000000000000000000
01110010011010010000000000000000
01110010011010100000000000000000
01110010011010110000000000000000
01110010011011000000000000000000
01110010011011010000000000000000
01110010011011100000000000000000
01110010011011110000000000000000
01110010011100000000000000000000
01110010011100010000000000000000
01110010011100100000000000000000
01110010011100110000000000000000
01110010011101000000000000000000
01110010011101010000000000000000
01110010011101100000000000000000
01110010011101110000000000000000
01110010011110000000000000000000
01110010011110010000000000000000
01110010011110100000000000000000
01110010011110110000000000000000
01110010011111000000000000000000
01110010011111010000000000000000
01110010011111100000000000000000
01110010011111110000000000000000
01110010100000000000000000000000
01110010100000010000000000000000
01110010100000100000000000000000
01110010100000110000000000000000
01110010100001000000000000000000
01110010100001010000000000000000
01110010100001100000000000000000
01110010100001110000000000000000
01110010100010000000000000000000
01110010100010010000000000000000
01110010100010100000000000000000
01110010100010110000000000000000
01110010100011000000000000000000
01110010100011010000000000000000
01110010100011100000000000000000
01110010100011110000000000000000
01110010100100000000000000000000
01110010100100010000000000000000
01110010100100100000000000000000
01110010100100110000000000000000
01110010100101000000000000000000
01110010100101010000000000000000
01110010100101100000000000000000
01110010100101110000000000000000
01110010100110000000000000000000
01110010100110010000000000000000
01110010100110100000000000000000
01110010100110110000000000000000
01110010100111000000000000000000
01110010100111010000000000000000
01110010100111100000000000000000
01110010100111110000000000000000
01110010101000000000000000000000
01110010101000010000000000000000
01110010101000100000000000000000
01110010101000110000000000000000
01110010101001000000000000000000
01110010101001010000000000000000
01110010101001100000000000000000
01110010101001110000000000000000
01110010101010000000000000000000
01110010101010010000000000000000
01110010101010100000000000000000
01110010101010110000000000000000
01110010101011000000000000000000
01110010101011010000000000000000
01110010101011100000000000000000
01110010101011110000000000000000
01110010101100000000000000000000
01110010101100010000000000000000
01110010101100100000000000000000
01110010101100110000000000000000
01110010101101000000000000000000
01110010101101010000000000000000
01110010101101100000000000000000
01110010101101110000000000000000
01110010101110000000000000000000
01110010101110010000000000000000
01110010101110100000000000000000
01110010101110110000000000000000
01110010101111000000000000000000
01110010101111010000000000000000
01110010101111100000000000000000
01110010101111110000000000000000
01110010110000000000000000000000
01110010110000010000000000000000
01110010110000100000000000000000
01110010110000110000000000000000
01110010110001000000000000000000
01110010110001010000000000000000
01110010110001100000000000000000
01110010110001110000000000000000
01110010110010000000000000000000
01110010110010010000000000000000
01110010110010100000000000000000
01110010110010110000000000000000
01110010110011000000000000000000
01110010110011010000000000000000
01110010110011100000000000000000
01110010110011110000000000000000
01110010110100000000000000000000
01110010110100010000000000000000
01110010110100100000000000000000
01110010110100110000000000000000
01110010110101000000000000000000
01110010110101010000000000000000
01110010110101100000000000000000
01110010110101110000000000000000
01110010110110000000000000000000
01110010110110010000000000000000
01110010110110100000000000000000
01110010110110110000000000000000
01110010110111000000000000000000
01110010110111010000000000000000
01110010110111100000000000000000
01110010110111110000000000000000
01110010111000000000000000000000
01110010111000010000000000000000
01110010111000100000000000000000
01110010111000110000000000000000
01110010111001000000000000000000
01110010111001010000000000000000
01110010111001100000000000000000
01110010111001110000000000000000
01110010111010000000000000000000
01110010111010010000000000000000
01110010111010100000000000000000
01110010111010110000000000000000
01110010111011000000000000000000
01110010111011010000000000000000
01110010111011100000000000000000
01110010111011110000000000000000
01110010111100000000000000000000
01110010111100010000000000000000
01110010111100100000000000000000
01110010111100110000000000000000
01110010111101000000000000000000
01110010111101010000000000000000
01110010111101100000000000000000
01110010111101110000000000000000
01110010111110000000000000000000
01110010111110010000000000000000
01110010111110100000000000000000
01110010111110110000000000000000
01110010111111000000000000000000
01110010111111010000000000000000
01110010111111100000000000000000
01110010111111110000000000000000
01110011000000000000000000000000
01110011000000010000000000000000
01110011000000100000000000000000
01110011000000110000000000000000
01110011000001000000000000000000
01110011000001010000000000000000
01110011000001100000000000000000
01110011000001110000000000000000
01110011000010000000000000000000
01110011000010010000000000000000
01110011000010100000000000000000
01110011000010110000000000000000
01110011000011000000000000000000
01110011000011010000000000000000
01110011000011100000000000000000
01110011000011110000000000000000
01110011000100000000000000000000
01110011000100010000000000000000
01110011000100100000000000000000
01110011000100110000000000000000
01110011000101000000000000000000
01110011000101010000000000000000
01110011000101100000000000000000
01110011000101110000000000000000
01110011000110000000000000000000
01110011000110010000000000000000
01110011000110100000000000000000
01110011000110110000000000000000
01110011000111000000000000000000
01110011000111010000000000000000
01110011000111100000000000000000
01110011000111110000000000000000
01110011001000000000000000000000
01110011001000010000000000000000
01110011001000100000000000000000
01110011001000110000000000000000
01110011001001000000000000000000
01110011001001010000000000000000
01110011001001100000000000000000
01110011001001110000000000000000
01110011001010000000000000000000
01110011001010010000000000000000
01110011001010100000000000000000
01110011001010110000000000000000
01110011001011000000000000000000
01110011001011010000000000000000
01110011001011100000000000000000
01110011001011110000000000000000
01110011001100000000000000000000
01110011001100010000000000000000
01110011001100100000000000000000
01110011001100110000000000000000
01110011001101000000000000000000
01110011001101010000000000000000
01110011001101100000000000000000
01110011001101110000000000000000
01110011001110000000000000000000
01110011001110010000000000000000
01110011001110100000000000000000
01110011001110110000000000000000
01110011001111000000000000000000
01110011001111010000000000000000
01110011001111100000000000000000
01110011001111110000000000000000
01110011010000000000000000000000
01110011010000010000000000000000
01110011010000100000000000000000
01110011010000110000000000000000
01110011010001000000000000000000
01110011010001010000000000000000
01110011010001100000000000000000
01110011010001110000000000000000
01110011010010000000000000000000
01110011010010010000000000000000
01110011010010100000000000000000
01110011010010110000000000000000
01110011010011000000000000000000
01110011010011010000000000000000
01110011010011100000000000000000
01110011010011110000000000000000
01110011010100000000000000000000
01110011010100010000000000000000
01110011010100100000000000000000
01110011010100110000000000000000
01110011010101000000000000000000
01110011010101010000000000000000
01110011010101100000000000000000
01110011010101110000000000000000
01110011010110000000000000000000
01110011010110010000000000000000
01110011010110100000000000000000
01110011010110110000000000000000
01110011010111000000000000000000
01110011010111010000000000000000
01110011010111100000000000000000
01110011010111110000000000000000
01110011011000000000000000000000
01110011011000010000000000000000
01110011011000100000000000000000
01110011011000110000000000000000
01110011011001000000000000000000
01110011011001010000000000000000
01110011011001100000000000000000
01110011011001110000000000000000
01110011011010000000000000000000
01110011011010010000000000000000
01110011011010100000000000000000
01110011011010110000000000000000
01110011011011000000000000000000
01110011011011010000000000000000
01110011011011100000000000000000
01110011011011110000000000000000
01110011011100000000000000000000
01110011011100010000000000000000
01110011011100100000000000000000
01110011011100110000000000000000
01110011011101000000000000000000
01110011011101010000000000000000
01110011011101100000000000000000
01110011011101110000000000000000
01110011011110000000000000000000
01110011011110010000000000000000
01110011011110100000000000000000
01110011011110110000000000000000
01110011011111000000000000000000
01110011011111010000000000000000
01110011011111100000000000000000
01110011011111110000000000000000
01110011100000000000000000000000
01110011100000010000000000000000
01110011100000100000000000000000
01110011100000110000000000000000
01110011100001000000000000000000
01110011100001010000000000000000
01110011100001100000000000000000
01110011100001110000000000000000
01110011100010000000000000000000
01110011100010010000000000000000
01110011100010100000000000000000
01110011100010110000000000000000
01110011100011000000000000000000
01110011100011010000000000000000
01110011100011100000000000000000
01110011100011110000000000000000
01110011100100000000000000000000
01110011100100010000000000000000
01110011100100100000000000000000
01110011100100110000000000000000
01110011100101000000000000000000
01110011100101010000000000000000
01110011100101100000000000000000
01110011100101110000000000000000
01110011100110000000000000000000
01110011100110010000000000000000
01110011100110100000000000000000
01110011100110110000000000000000
01110011100111000000000000000000
01110011100111010000000000000000
01110011100111100000000000000000
01110011100111110000000000000000
01110011101000000000000000000000
01110011101000010000000000000000
01110011101000100000000000000000
01110011101000110000000000000000
01110011101001000000000000000000
01110011101001010000000000000000
01110011101001100000000000000000
01110011101001110000000000000000
01110011101010000000000000000000
01110011101010010000000000000000
01110011101010100000000000000000
01110011101010110000000000000000
01110011101011000000000000000000
01110011101011010000000000000000
01110011101011100000000000000000
01110011101011110000000000000000
01110011101100000000000000000000
01110011101100010000000000000000
01110011101100100000000000000000
01110011101100110000000000000000
01110011101101000000000000000000
01110011101101010000000000000000
01110011101101100000000000000000
01110011101101110000000000000000
01110011101110000000000000000000
01110011101110010000000000000000
01110011101110100000000000000000
01110011101110110000000000000000
01110011101111000000000000000000
01110011101111010000000000000000
01110011101111100000000000000000
01110011101111110000000000000000
01110011110000000000000000000000
01110011110000010000000000000000
01110011110000100000000000000000
01110011110000110000000000000000
01110011110001000000000000000000
01110011110001010000000000000000
01110011110001100000000000000000
01110011110001110000000000000000
01110011110010000000000000000000
01110011110010010000000000000000
01110011110010100000000000000000
01110011110010110000000000000000
01110011110011000000000000000000
01110011110011010000000000000000
01110011110011100000000000000000
01110011110011110000000000000000
01110011110100000000000000000000
01110011110100010000000000000000
01110011110100100000000000000000
01110011110100110000000000000000
01110011110101000000000000000000
01110011110101010000000000000000
01110011110101100000000000000000
01110011110101110000000000000000
01110011110110000000000000000000
01110011110110010000000000000000
01110011110110100000000000000000
01110011110110110000000000000000
01110011110111000000000000000000
01110011110111010000000000000000
01110011110111100000000000000000
01110011110111110000000000000000
01110011111000000000000000000000
01110011111000010000000000000000
01110011111000100000000000000000
01110011111000110000000000000000
01110011111001000000000000000000
01110011111001010000000000000000
01110011111001100000000000000000
01110011111001110000000000000000
01110011111010000000000000000000
01110011111010010000000000000000
01110011111010100000000000000000
01110011111010110000000000000000
01110011111011000000000000000000
01110011111011010000000000000000
01110011111011100000000000000000
01110011111011110000000000000000
01110011111100000000000000000000
01110011111100010000000000000000
01110011111100100000000000000000
01110011111100110000000000000000
01110011111101000000000000000000
01110011111101010000000000000000
01110011111101100000000000000000
01110011111101110000000000000000
01110011111110000000000000000000
01110011111110010000000000000000
01110011111110100000000000000000
01110011111110110000000000000000
01110011111111000000000000000000
01110011111111010000000000000000
01110011111111100000000000000000
01110011111111110000000000000000
01110100000000000000000000000000
01110100000000001000000000000000
01110100000000010000000000000000
01110100000000011000000000000000
01110100000000100000000000000000
01110100000000101000000000000000
01110100000000110000000000000000
01110100000000111000000000000000
01110100000001000000000000000000
01110100000001001000000000000000
01110100000001010000000000000000
01110100000001011000000000000000
01110100000001100000000000000000
01110100000001101000000000000000
01110100000001110000000000000000
01110100000001111000000000000000
01110100000010000000000000000000
01110100000010001000000000000000
01110100000010010000000000000000
01110100000010011000000000000000
01110100000010100000000000000000
01110100000010101000000000000000
01110100000010110000000000000000
01110100000010111000000000000000
01110100000011000000000000000000
01110100000011001000000000000000
01110100000011010000000000000000
01110100000011011000000000000000
01110100000011100000000000000000
01110100000011101000000000000000
01110100000011110000000000000000
01110100000011111000000000000000
01110100000100000000000000000000
01110100000100001000000000000000
01110100000100010000000000000000
01110100000100011000000000000000
01110100000100100000000000000000
01110100000100101000000000000000
01110100000100110000000000000000
01110100000100111000000000000000
01110100000101000000000000000000
01110100000101001000000000000000
01110100000101010000000000000000
01110100000101011000000000000000
01110100000101100000000000000000
01110100000101101000000000000000
01110100000101110000000000000000
01110100000101111000000000000000
01110100000110000000000000000000
01110100000110001000000000000000
01110100000110010000000000000000
01110100000110011000000000000000
01110100000110100000000000000000
01110100000110101000000000000000
01110100000110110000000000000000
01110100000110111000000000000000
01110100000111000000000000000000
01110100000111001000000000000000
01110100000111010000000000000000
01110100000111011000000000000000
01110100000111100000000000000000
01110100000111101000000000000000
01110100000111110000000000000000
01110100000111111000000000000000
01110100001000000000000000000000
01110100001000001000000000000000
01110100001000010000000000000000
01110100001000011000000000000000
01110100001000100000000000000000
01110100001000101000000000000000
01110100001000110000000000000000
01110100001000111000000000000000
01110100001001000000000000000000
01110100001001001000000000000000
01110100001001010000000000000000
01110100001001011000000000000000
01110100001001100000000000000000
01110100001001101000000000000000
01110100001001110000000000000000
01110100001001111000000000000000
01110100001010000000000000000000
01110100001010001000000000000000
01110100001010010000000000000000
01110100001010011000000000000000
01110100001010100000000000000000
01110100001010101000000000000000
01110100001010110000000000000000
01110100001010111000000000000000
01110100001011000000000000000000
01110100001011001000000000000000
01110100001011010000000000000000
01110100001011011000000000000000
01110100001011100000000000000000
01110100001011101000000000000000
01110100001011110000000000000000
01110100001011111000000000000000
01110100001100000000000000000000
01110100001100001000000000000000
01110100001100010000000000000000
01110100001100011000000000000000
01110100001100100000000000000000
01110100001100101000000000000000
01110100001100110000000000000000
01110100001100111000000000000000
01110100001101000000000000000000
01110100001101001000000000000000
01110100001101010000000000000000
01110100001101011000000000000000
01110100001101100000000000000000
01110100001101101000000000000000
01110100001101110000000000000000
01110100001101111000000000000000
01110100001110000000000000000000
01110100001110001000000000000000
01110100001110010000000000000000
01110100001110011000000000000000
01110100001110100000000000000000
01110100001110101000000000000000
01110100001110110000000000000000
01110100001110111000000000000000
01110100001111000000000000000000
01110100001111001000000000000000
01110100001111010000000000000000
01110100001111011000000000000000
01110100001111100000000000000000
01110100001111101000000000000000
01110100001111110000000000000000
01110100001111111000000000000000
01110100010000000000000000000000
01110100010000001000000000000000
01110100010000010000000000000000
01110100010000011000000000000000
01110100010000100000000000000000
01110100010000101000000000000000
01110100010000110000000000000000
01110100010000111000000000000000
01110100010001000000000000000000
01110100010001001000000000000000
01110100010001010000000000000000
01110100010001011000000000000000
01110100010001100000000000000000
01110100010001101000000000000000
01110100010001110000000000000000
01110100010001111000000000000000
01110100010010000000000000000000
01110100010010001000000000000000
01110100010010010000000000000000
01110100010010011000000000000000
01110100010010100000000000000000
01110100010010101000000000000000
01110100010010110000000000000000
01110100010010111000000000000000
01110100010011000000000000000000
01110100010011001000000000000000
01110100010011010000000000000000
01110100010011011000000000000000
01110100010011100000000000000000
01110100010011101000000000000000
01110100010011110000000000000000
01110100010011111000000000000000
01110100010100000000000000000000
01110100010100001000000000000000
01110100010100010000000000000000
01110100010100011000000000000000
01110100010100100000000000000000
01110100010100101000000000000000
01110100010100110000000000000000
01110100010100111000000000000000
01110100010101000000000000000000
01110100010101001000000000000000
01110100010101010000000000000000
01110100010101011000000000000000
01110100010101100000000000000000
01110100010101101000000000000000
01110100010101110000000000000000
01110100010101111000000000000000
01110100010110000000000000000000
01110100010110001000000000000000
01110100010110010000000000000000
01110100010110011000000000000000
01110100010110100000000000000000
01110100010110101000000000000000
01110100010110110000000000000000
01110100010110111000000000000000
01110100010111000000000000000000
01110100010111001000000000000000
01110100010111010000000000000000
01110100010111011000000000000000
01110100010111100000000000000000
01110100010111101000000000000000
01110100010111110000000000000000
01110100010111111000000000000000
01110100011000000000000000000000
01110100011000001000000000000000
01110100011000010000000000000000
01110100011000011000000000000000
01110100011000100000000000000000
01110100011000101000000000000000
01110100011000110000000000000000
01110100011000111000000000000000
01110100011001000000000000000000
01110100011001001000000000000000
01110100011001010000000000000000
01110100011001011000000000000000
01110100011001100000000000000000
01110100011001101000000000000000
01110100011001110000000000000000
01110100011001111000000000000000
01110100011010000000000000000000
01110100011010001000000000000000
01110100011010010000000000000000
01110100011010011000000000000000
01110100011010100000000000000000
01110100011010101000000000000000
01110100011010110000000000000000
01110100011010111000000000000000
01110100011011000000000000000000
01110100011011001000000000000000
01110100011011010000000000000000
01110100011011011000000000000000
01110100011011100000000000000000
01110100011011101000000000000000
01110100011011110000000000000000
01110100011011111000000000000000
01110100011100000000000000000000
01110100011100001000000000000000
01110100011100010000000000000000
01110100011100011000000000000000
01110100011100100000000000000000
01110100011100101000000000000000
01110100011100110000000000000000
01110100011100111000000000000000
01110100011101000000000000000000
01110100011101001000000000000000
01110100011101010000000000000000
01110100011101011000000000000000
01110100011101100000000000000000
01110100011101101000000000000000
01110100011101110000000000000000
01110100011101111000000000000000
01110100011110000000000000000000
01110100011110001000000000000000
01110100011110010000000000000000
01110100011110011000000000000000
01110100011110100000000000000000
01110100011110101000000000000000
01110100011110110000000000000000
01110100011110111000000000000000
01110100011111000000000000000000
01110100011111001000000000000000
01110100011111010000000000000000
01110100011111011000000000000000
01110100011111100000000000000000
01110100011111101000000000000000
01110100011111110000000000000000
01110100011111111000000000000000
01110100100000000000000000000000
01110100100000001000000000000000
01110100100000010000000000000000
01110100100000011000000000000000
01110100100000100000000000000000
01110100100000101000000000000000
01110100100000110000000000000000
01110100100000111000000000000000
01110100100001000000000000000000
01110100100001001000000000000000
01110100100001010000000000000000
01110100100001011000000000000000
01110100100001100000000000000000
01110100100001101000000000000000
01110100100001110000000000000000
01110100100001111000000000000000
01110100100010000000000000000000
01110100100010001000000000000000
01110100100010010000000000000000
01110100100010011000000000000000
01110100100010100000000000000000
01110100100010101000000000000000
01110100100010110000000000000000
01110100100010111000000000000000
01110100100011000000000000000000
01110100100011001000000000000000
01110100100011010000000000000000
01110100100011011000000000000000
01110100100011100000000000000000
01110100100011101000000000000000
01110100100011110000000000000000
01110100100011111000000000000000
01110100100100000000000000000000
01110100100100001000000000000000
01110100100100010000000000000000
01110100100100011000000000000000
01110100100100100000000000000000
01110100100100101000000000000000
01110100100100110000000000000000
01110100100100111000000000000000
01110100100101000000000000000000
01110100100101001000000000000000
01110100100101010000000000000000
01110100100101011000000000000000
01110100100101100000000000000000
01110100100101101000000000000000
01110100100101110000000000000000
01110100100101111000000000000000
01110100100110000000000000000000
01110100100110001000000000000000
01110100100110010000000000000000
01110100100110011000000000000000
01110100100110100000000000000000
01110100100110101000000000000000
01110100100110110000000000000000
01110100100110111000000000000000
01110100100111000000000000000000
01110100100111001000000000000000
01110100100111010000000000000000
01110100100111011000000000000000
01110100100111100000000000000000
01110100100111101000000000000000
01110100100111110000000000000000
01110100100111111000000000000000
01110100101000000000000000000000
01110100101000001000000000000000
01110100101000010000000000000000
01110100101000011000000000000000
01110100101000100000000000000000
01110100101000101000000000000000
01110100101000110000000000000000
01110100101000111000000000000000
01110100101001000000000000000000
01110100101001001000000000000000
01110100101001010000000000000000
01110100101001011000000000000000
01110100101001100000000000000000
01110100101001101000000000000000
01110100101001110000000000000000
01110100101001111000000000000000
01110100101010000000000000000000
01110100101010001000000000000000
01110100101010010000000000000000
01110100101010011000000000000000
01110100101010100000000000000000
01110100101010101000000000000000
01110100101010110000000000000000
01110100101010111000000000000000
01110100101011000000000000000000
01110100101011001000000000000000
01110100101011010000000000000000
01110100101011011000000000000000
01110100101011100000000000000000
01110100101011101000000000000000
01110100101011110000000000000000
01110100101011111000000000000000
01110100101100000000000000000000
01110100101100001000000000000000
01110100101100010000000000000000
01110100101100011000000000000000
01110100101100100000000000000000
01110100101100101000000000000000
01110100101100110000000000000000
01110100101100111000000000000000
01110100101101000000000000000000
01110100101101001000000000000000
01110100101101010000000000000000
01110100101101011000000000000000
01110100101101100000000000000000
01110100101101101000000000000000
01110100101101110000000000000000
01110100101101111000000000000000
01110100101110000000000000000000
01110100101110001000000000000000
01110100101110010000000000000000
01110100101110011000000000000000
01110100101110100000000000000000
01110100101110101000000000000000
01110100101110110000000000000000
01110100101110111000000000000000
01110100101111000000000000000000
01110100101111001000000000000000
01110100101111010000000000000000
01110100101111011000000000000000
01110100101111100000000000000000
01110100101111101000000000000000
01110100101111110000000000000000
01110100101111111000000000000000
01110100110000000000000000000000
01110100110000001000000000000000
01110100110000010000000000000000
01110100110000011000000000000000
01110100110000100000000000000000
01110100110000101000000000000000
01110100110000110000000000000000
01110100110000111000000000000000
01110100110001000000000000000000
01110100110001001000000000000000
01110100110001010000000000000000
01110100110001011000000000000000
01110100110001100000000000000000
01110100110001101000000000000000
01110100110001110000000000000000
01110100110001111000000000000000
01110100110010000000000000000000
01110100110010001000000000000000
01110100110010010000000000000000
01110100110010011000000000000000
01110100110010100000000000000000
01110100110010101000000000000000
01110100110010110000000000000000
01110100110010111000000000000000
01110100110011000000000000000000
01110100110011001000000000000000
01110100110011010000000000000000
01110100110011011000000000000000
01110100110011100000000000000000
01110100110011101000000000000000
01110100110011110000000000000000
01110100110011111000000000000000
01110100110100000000000000000000
01110100110100001000000000000000
01110100110100010000000000000000
01110100110100011000000000000000
01110100110100100000000000000000
01110100110100101000000000000000
01110100110100110000000000000000
01110100110100111000000000000000
01110100110101000000000000000000
01110100110101001000000000000000
01110100110101010000000000000000
01110100110101011000000000000000
01110100110101100000000000000000
01110100110101101000000000000000
01110100110101110000000000000000
01110100110101111000000000000000
01110100110110000000000000000000
01110100110110001000000000000000
01110100110110010000000000000000
01110100110110011000000000000000
01110100110110100000000000000000
01110100110110101000000000000000
01110100110110110000000000000000
01110100110110111000000000000000
01110100110111000000000000000000
01110100110111001000000000000000
01110100110111010000000000000000
01110100110111011000000000000000
01110100110111100000000000000000
01110100110111101000000000000000
01110100110111110000000000000000
01110100110111111000000000000000
01110100111000000000000000000000
01110100111000001000000000000000
01110100111000010000000000000000
01110100111000011000000000000000
01110100111000100000000000000000
01110100111000101000000000000000
01110100111000110000000000000000
01110100111000111000000000000000
01110100111001000000000000000000
01110100111001001000000000000000
01110100111001010000000000000000
01110100111001011000000000000000
01110100111001100000000000000000
01110100111001101000000000000000
01110100111001110000000000000000
01110100111001111000000000000000
01110100111010000000000000000000
01110100111010001000000000000000
01110100111010010000000000000000
01110100111010011000000000000000
01110100111010100000000000000000
01110100111010101000000000000000
01110100111010110000000000000000
01110100111010111000000000000000
01110100111011000000000000000000
01110100111011001000000000000000
01110100111011010000000000000000
01110100111011011000000000000000
01110100111011100000000000000000
01110100111011101000000000000000
01110100111011110000000000000000
01110100111011111000000000000000
01110100111100000000000000000000
01110100111100001000000000000000
01110100111100010000000000000000
01110100111100011000000000000000
01110100111100100000000000000000
01110100111100101000000000000000
01110100111100110000000000000000
01110100111100111000000000000000
01110100111101000000000000000000
01110100111101001000000000000000
01110100111101010000000000000000
01110100111101011000000000000000
01110100111101100000000000000000
01110100111101101000000000000000
01110100111101110000000000000000
01110100111101111000000000000000
01110100111110000000000000000000
01110100111110001000000000000000
01110100111110010000000000000000
01110100111110011000000000000000
01110100111110100000000000000000
01110100111110101000000000000000
01110100111110110000000000000000
01110100111110111000000000000000
01110100111111000000000000000000
01110100111111001000000000000000
01110100111111010000000000000000
01110100111111011000000000000000
01110100111111100000000000000000
01110100111111101000000000000000
01110100111111110000000000000000
01110100111111111000000000000000
01110101000000000000000000000000
01110101000000001000000000000000
01110101000000010000000000000000
01110101000000011000000000000000
01110101000000100000000000000000
01110101000000101000000000000000
01110101000000110000000000000000
01110101000000111000000000000000
01110101000001000000000000000000
01110101000001001000000000000000
01110101000001010000000000000000
01110101000001011000000000000000
01110101000001100000000000000000
01110101000001101000000000000000
01110101000001110000000000000000
01110101000001111000000000000000
01110101000010000000000000000000
01110101000010001000000000000000
01110101000010010000000000000000
01110101000010011000000000000000
01110101000010100000000000000000
01110101000010101000000000000000
01110101000010110000000000000000
01110101000010111000000000000000
01110101000011000000000000000000
01110101000011001000000000000000
01110101000011010000000000000000
01110101000011011000000000000000
01110101000011100000000000000000
01110101000011101000000000000000
01110101000011110000000000000000
01110101000011111000000000000000
01110101000100000000000000000000
01110101000100001000000000000000
01110101000100010000000000000000
01110101000100011000000000000000
01110101000100100000000000000000
01110101000100101000000000000000
01110101000100110000000000000000
01110101000100111000000000000000
01110101000101000000000000000000
01110101000101001000000000000000
01110101000101010000000000000000
01110101000101011000000000000000
01110101000101100000000000000000
01110101000101101000000000000000
01110101000101110000000000000000
01110101000101111000000000000000
01110101000110000000000000000000
01110101000110001000000000000000
01110101000110010000000000000000
01110101000110011000000000000000
01110101000110100000000000000000
01110101000110101000000000000000
01110101000110110000000000000000
01110101000110111000000000000000
01110101000111000000000000000000
01110101000111001000000000000000
01110101000111010000000000000000
01110101000111011000000000000000
01110101000111100000000000000000
01110101000111101000000000000000
01110101000111110000000000000000
01110101000111111000000000000000
01110101001000000000000000000000
01110101001000001000000000000000
01110101001000010000000000000000
01110101001000011000000000000000
01110101001000100000000000000000
01110101001000101000000000000000
01110101001000110000000000000000
01110101001000111000000000000000
01110101001001000000000000000000
01110101001001001000000000000000
01110101001001010000000000000000
01110101001001011000000000000000
01110101001001100000000000000000
01110101001001101000000000000000
01110101001001110000000000000000
01110101001001111000000000000000
01110101001010000000000000000000
01110101001010001000000000000000
01110101001010010000000000000000
01110101001010011000000000000000
01110101001010100000000000000000
01110101001010101000000000000000
01110101001010110000000000000000
01110101001010111000000000000000
01110101001011000000000000000000
01110101001011001000000000000000
01110101001011010000000000000000
01110101001011011000000000000000
01110101001011100000000000000000
01110101001011101000000000000000
01110101001011110000000000000000
01110101001011111000000000000000
01110101001100000000000000000000
01110101001100001000000000000000
01110101001100010000000000000000
01110101001100011000000000000000
01110101001100100000000000000000
01110101001100101000000000000000
01110101001100110000000000000000
01110101001100111000000000000000
01110101001101000000000000000000
01110101001101001000000000000000
01110101001101010000000000000000
01110101001101011000000000000000
01110101001101100000000000000000
01110101001101101000000000000000
01110101001101110000000000000000
01110101001101111000000000000000
01110101001110000000000000000000
01110101001110001000000000000000
01110101001110010000000000000000
01110101001110011000000000000000
01110101001110100000000000000000
01110101001110101000000000000000
01110101001110110000000000000000
01110101001110111000000000000000
01110101001111000000000000000000
01110101001111001000000000000000
01110101001111010000000000000000
01110101001111011000000000000000
01110101001111100000000000000000
01110101001111101000000000000000
01110101001111110000000000000000
01110101001111111000000000000000
01110101010000000000000000000000
01110101010000001000000000000000
01110101010000010000000000000000
01110101010000011000000000000000
01110101010000100000000000000000
01110101010000101000000000000000
01110101010000110000000000000000
01110101010000111000000000000000
01110101010001000000000000000000
01110101010001001000000000000000
01110101010001010000000000000000
01110101010001011000000000000000
01110101010001100000000000000000
01110101010001101000000000000000
01110101010001110000000000000000
01110101010001111000000000000000
01110101010010000000000000000000
01110101010010001000000000000000
01110101010010010000000000000000
01110101010010011000000000000000
01110101010010100000000000000000
01110101010010101000000000000000
01110101010010110000000000000000
01110101010010111000000000000000
01110101010011000000000000000000
01110101010011001000000000000000
01110101010011010000000000000000
01110101010011011000000000000000
01110101010011100000000000000000
01110101010011101000000000000000
01110101010011110000000000000000
01110101010011111000000000000000
01110101010100000000000000000000
01110101010100001000000000000000
01110101010100010000000000000000
01110101010100011000000000000000
01110101010100100000000000000000
01110101010100101000000000000000
01110101010100110000000000000000
01110101010100111000000000000000
01110101010101000000000000000000
01110101010101001000000000000000
01110101010101010000000000000000
01110101010101011000000000000000
01110101010101100000000000000000
01110101010101101000000000000000
01110101010101110000000000000000
01110101010101111000000000000000
01110101010110000000000000000000
01110101010110001000000000000000
01110101010110010000000000000000
01110101010110011000000000000000
01110101010110100000000000000000
01110101010110101000000000000000
01110101010110110000000000000000
01110101010110111000000000000000
01110101010111000000000000000000
01110101010111001000000000000000
01110101010111010000000000000000
01110101010111011000000000000000
01110101010111100000000000000000
01110101010111101000000000000000
01110101010111110000000000000000
01110101010111111000000000000000
01110101011000000000000000000000
01110101011000001000000000000000
01110101011000010000000000000000
01110101011000011000000000000000
01110101011000100000000000000000
01110101011000101000000000000000
01110101011000110000000000000000
01110101011000111000000000000000
01110101011001000000000000000000
01110101011001001000000000000000
01110101011001010000000000000000
01110101011001011000000000000000
01110101011001100000000000000000
01110101011001101000000000000000
01110101011001110000000000000000
01110101011001111000000000000000
01110101011010000000000000000000
01110101011010001000000000000000
01110101011010010000000000000000
01110101011010011000000000000000
01110101011010100000000000000000
01110101011010101000000000000000
01110101011010110000000000000000
01110101011010111000000000000000
01110101011011000000000000000000
01110101011011001000000000000000
01110101011011010000000000000000
01110101011011011000000000000000
01110101011011100000000000000000
01110101011011101000000000000000
01110101011011110000000000000000
01110101011011111000000000000000
01110101011100000000000000000000
01110101011100001000000000000000
01110101011100010000000000000000
01110101011100011000000000000000
01110101011100100000000000000000
01110101011100101000000000000000
01110101011100110000000000000000
01110101011100111000000000000000
01110101011101000000000000000000
01110101011101001000000000000000
01110101011101010000000000000000
01110101011101011000000000000000
01110101011101100000000000000000
01110101011101101000000000000000
01110101011101110000000000000000
01110101011101111000000000000000
01110101011110000000000000000000
01110101011110001000000000000000
01110101011110010000000000000000
01110101011110011000000000000000
01110101011110100000000000000000
01110101011110101000000000000000
01110101011110110000000000000000
01110101011110111000000000000000
01110101011111000000000000000000
01110101011111001000000000000000
01110101011111010000000000000000
01110101011111011000000000000000
01110101011111100000000000000000
01110101011111101000000000000000
01110101011111110000000000000000
01110101011111111000000000000000
01110101100000000000000000000000
01110101100000001000000000000000
01110101100000010000000000000000
01110101100000011000000000000000
01110101100000100000000000000000
01110101100000101000000000000000
01110101100000110000000000000000
01110101100000111000000000000000
01110101100001000000000000000000
01110101100001001000000000000000
01110101100001010000000000000000
01110101100001011000000000000000
01110101100001100000000000000000
01110101100001101000000000000000
01110101100001110000000000000000
01110101100001111000000000000000
01110101100010000000000000000000
01110101100010001000000000000000
01110101100010010000000000000000
01110101100010011000000000000000
01110101100010100000000000000000
01110101100010101000000000000000
01110101100010110000000000000000
01110101100010111000000000000000
01110101100011000000000000000000
01110101100011001000000000000000
01110101100011010000000000000000
01110101100011011000000000000000
01110101100011100000000000000000
01110101100011101000000000000000
01110101100011110000000000000000
01110101100011111000000000000000
01110101100100000000000000000000
01110101100100001000000000000000
01110101100100010000000000000000
01110101100100011000000000000000
01110101100100100000000000000000
01110101100100101000000000000000
01110101100100110000000000000000
01110101100100111000000000000000
01110101100101000000000000000000
01110101100101001000000000000000
01110101100101010000000000000000
01110101100101011000000000000000
01110101100101100000000000000000
01110101100101101000000000000000
01110101100101110000000000000000
01110101100101111000000000000000
01110101100110000000000000000000
01110101100110001000000000000000
01110101100110010000000000000000
01110101100110011000000000000000
01110101100110100000000000000000
01110101100110101000000000000000
01110101100110110000000000000000
01110101100110111000000000000000
01110101100111000000000000000000
01110101100111001000000000000000
01110101100111010000000000000000
01110101100111011000000000000000
01110101100111100000000000000000
01110101100111101000000000000000
01110101100111110000000000000000
01110101100111111000000000000000
01110101101000000000000000000000
01110101101000001000000000000000
01110101101000010000000000000000
01110101101000011000000000000000
01110101101000100000000000000000
01110101101000101000000000000000
01110101101000110000000000000000
01110101101000111000000000000000
01110101101001000000000000000000
01110101101001001000000000000000
01110101101001010000000000000000
01110101101001011000000000000000
01110101101001100000000000000000
01110101101001101000000000000000
01110101101001110000000000000000
01110101101001111000000000000000
01110101101010000000000000000000
01110101101010001000000000000000
01110101101010010000000000000000
01110101101010011000000000000000
01110101101010100000000000000000
01110101101010101000000000000000
01110101101010110000000000000000
01110101101010111000000000000000
01110101101011000000000000000000
01110101101011001000000000000000
01110101101011010000000000000000
01110101101011011000000000000000
01110101101011100000000000000000
01110101101011101000000000000000
01110101101011110000000000000000
01110101101011111000000000000000
01110101101100000000000000000000
01110101101100001000000000000000
01110101101100010000000000000000
01110101101100011000000000000000
01110101101100100000000000000000
01110101101100101000000000000000
01110101101100110000000000000000
01110101101100111000000000000000
01110101101101000000000000000000
01110101101101001000000000000000
01110101101101010000000000000000
01110101101101011000000000000000
01110101101101100000000000000000
01110101101101101000000000000000
01110101101101110000000000000000
01110101101101111000000000000000
01110101101110000000000000000000
01110101101110001000000000000000
01110101101110010000000000000000
01110101101110011000000000000000
01110101101110100000000000000000
01110101101110101000000000000000
01110101101110110000000000000000
01110101101110111000000000000000
01110101101111000000000000000000
01110101101111001000000000000000
01110101101111010000000000000000
01110101101111011000000000000000
01110101101111100000000000000000
01110101101111101000000000000000
01110101101111110000000000000000
01110101101111111000000000000000
01110101110000000000000000000000
01110101110000001000000000000000
01110101110000010000000000000000
01110101110000011000000000000000
01110101110000100000000000000000
01110101110000101000000000000000
01110101110000110000000000000000
01110101110000111000000000000000
01110101110001000000000000000000
01110101110001001000000000000000
01110101110001010000000000000000
01110101110001011000000000000000
01110101110001100000000000000000
01110101110001101000000000000000
01110101110001110000000000000000
01110101110001111000000000000000
01110101110010000000000000000000
01110101110010001000000000000000
01110101110010010000000000000000
01110101110010011000000000000000
01110101110010100000000000000000
01110101110010101000000000000000
01110101110010110000000000000000
01110101110010111000000000000000
01110101110011000000000000000000
01110101110011001000000000000000
01110101110011010000000000000000
01110101110011011000000000000000
01110101110011100000000000000000
01110101110011101000000000000000
01110101110011110000000000000000
01110101110011111000000000000000
01110101110100000000000000000000
01110101110100001000000000000000
01110101110100010000000000000000
01110101110100011000000000000000
01110101110100100000000000000000
01110101110100101000000000000000
01110101110100110000000000000000
01110101110100111000000000000000
01110101110101000000000000000000
01110101110101001000000000000000
01110101110101010000000000000000
01110101110101011000000000000000
01110101110101100000000000000000
01110101110101101000000000000000
01110101110101110000000000000000
01110101110101111000000000000000
01110101110110000000000000000000
01110101110110001000000000000000
01110101110110010000000000000000
01110101110110011000000000000000
01110101110110100000000000000000
01110101110110101000000000000000
01110101110110110000000000000000
01110101110110111000000000000000
01110101110111000000000000000000
01110101110111001000000000000000
01110101110111010000000000000000
01110101110111011000000000000000
01110101110111100000000000000000
01110101110111101000000000000000
01110101110111110000000000000000
01110101110111111000000000000000
01110101111000000000000000000000
01110101111000001000000000000000
01110101111000010000000000000000
01110101111000011000000000000000
01110101111000100000000000000000
01110101111000101000000000000000
01110101111000110000000000000000
01110101111000111000000000000000
01110101111001000000000000000000
01110101111001001000000000000000
01110101111001010000000000000000
01110101111001011000000000000000
01110101111001100000000000000000
01110101111001101000000000000000
01110101111001110000000000000000
01110101111001111000000000000000
01110101111010000000000000000000
01110101111010001000000000000000
01110101111010010000000000000000
01110101111010011000000000000000
01110101111010100000000000000000
01110101111010101000000000000000
01110101111010110000000000000000
01110101111010111000000000000000
01110101111011000000000000000000
01110101111011001000000000000000
01110101111011010000000000000000
01110101111011011000000000000000
01110101111011100000000000000000
01110101111011101000000000000000
01110101111011110000000000000000
01110101111011111000000000000000
01110101111100000000000000000000
01110101111100001000000000000000
01110101111100010000000000000000
01110101111100011000000000000000
01110101111100100000000000000000
01110101111100101000000000000000
01110101111100110000000000000000
01110101111100111000000000000000
01110101111101000000000000000000
01110101111101001000000000000000
01110101111101010000000000000000
01110101111101011000000000000000
01110101111101100000000000000000
01110101111101101000000000000000
01110101111101110000000000000000
01110101111101111000000000000000
01110101111110000000000000000000
01110101111110001000000000000000
01110101111110010000000000000000
01110101111110011000000000000000
01110101111110100000000000000000
01110101111110101000000000000000
01110101111110110000000000000000
