00000000000000000000000000000000
01000000000000000000000000000000
01010010000000000000000000000000
01011110000000000000000000000000
01100011100000000000000000000000
01100110111000000000000000000000
01101001101100000000000000000000
01101100011000000000000000000000
01101110011000000000000000000000
01110000001110100000000000000000
01110001000000100000000000000000
01110001111101000000000000000000
01110010100010100000000000000000
01110011001100110000000000000000
01110011111101110000000000000000
01110100011011000000000000000000
01110100111011000000000000000000
01110101011111001000000000000000
01110110000011110100000000000000
01110110011010011000000000000000
01110110110011011000000000000000
01110111001110111100000000000000
01110111101101001100000000000000
01111000000011100100000000000000
01111000001100100100000000000000
01111000010110010101000000000000
01111000100000111001000000000000
01111000101100010010000000000000
01111000111000100010000000000000
01111001000010110101100000000000
01111001001001110111100000000000
01111001010001011000000000000000
01111001011001011000000000000000
01111001100001111000100000000000
01111001101010111010100000000000
01111001110100011111000000000000
01111001111110100111000000000000
01111010000100101001110000000000
01111010001010010010110000000000
01111010010000001111000000000000
01111010010110011111000000000000
01111010011101000011010000000000
01111010100011111100010000000000
01111010101011001010100000000000
01111010110010101110100000000000
01111010111010101000110000000000
01111011000001011100111000000000
01111011000101110001000000000000
01111011001010010001000000000000
01111011001110111101001000000000
01111011010011110101101000000000
01111011011000111010110000000000
01111011011110001100110000000000
01111011100011101011111000000000
01111011101001011000011000000000
01111011101111010010100000000000
01111011110101011010100000000000
01111011111011110000101000000000
01111100000000100101010010000000
01111100000010010010000100000000
01111100000100000010100100000000
01111100000101110110110110000000
01111100000111101110111110000000
01111100001001101011000000000000
01111100001011101011000000000000
01111100001101101111000010000000
01111100001111110111001010000000
01111100010010000011011100000000
01111100010100010011111100000000
01111100010110101000101110000000
01111100011001000001110110000000
01111100011011011111011000000000
01111100011110000001011000000000
01111100100000010011111101000000
01111100100001101001100001000000
01111100100011000001011010000000
01111100100100011011101010000000
01111100100101111000010011000000
01111100100111010111010111000000
01111100101000111000111000000000
01111100101010011100111000000000
01111100101100000011011001000000
01111100101101101100011101000000
01111100101111011000000110000000
01111100110001000110010110000000
01111100110010110111001111000000
01111100110100101010110011000000
01111100110110100001000100000000
01111100111000011010000100000000
01111100111010010101110101000000
01111100111100010100011001000000
01111100111110010101110010000000
01111101000000001101000001000000
01111101000001010000100101100000
01111101000010010101100111100000
01111101000011011100001000000000
01111101000100100100001000000000
01111101000101101101101000100000
01111101000110111000101010100000
01111101001000000101001111000000
01111101001001010011010111000000
01111101001010100011000011100000
01111101001011110100010101100000
01111101001101000111001110000000
01111101001110011011101110000000
01111101001111110001110110100000
01111101010001001001101000100000
01111101010010100011000101000000
01111101010011111110001101000000
01111101010101011011000001100000
01111101010110111001100011100000
01111101011000011001110100000000
01111101011001111011110100000000
01111101011011011111100100100000
01111101011101000101000110100000
01111101011110101100011011000000
01111101100000001010110001100000
01111101100001000000001111110000
01111101100001110110101000110000
01111101100010101101111101000000
01111101100011100110001101000000
01111101100100011111011001010000
01111101100101011001100010010000
01111101100110010100101000100000
01111101100111010000101100100000
01111101101000001101101110110000
01111101101001001011101111110000
01111101101010001010110000000000
01111101101011001010110000000000
01111101101100001011110000010000
01111101101101001101110001010000
01111101101110010000110011100000
01111101101111010100110111100000
01111101110000011001111101110000
01111101110001100000000110110000
01111101110010100111010011000000
01111101110011101111100011000000
01111101110100111000110111010000
01111101110110000011010000010000
01111101110111001110101110100000
01111101111000011011010010100000
01111101111001101000111100110000
01111101111010110111101101110000
01111101111100000111100110000000
01111101111101011000100110000000
01111101111110101010101110010000
01111101111111111101111111010000
01111110000000010100100110011000
01111110000000101001111111011000
01111110000000111111101010111100
01111110000001010101101001001100
01111110000001101011111010010000
01111110000010000010011110010000
01111110000010011001010101010100
01111110000010110000011111100100
01111110000011000111111101001000
01111110000011011111101110001000
01111110000011110111110010101100
01111110000100010000001010111100
01111110000100101000110111000000
01111110000101000001110111000000
01111110000101011011001011000100
01111110000101110100110011010100
01111110000110001110101111111000
01111110000110101001000000111000
01111110000111000011100110011100
01111110000111011110100000101100
01111110000111111001101111110000
01111110001000010101010011110000
01111110001000110001001100110100
01111110001001001101011011000100
01111110001001101001111110101000
01111110001010000110110111101000
01111110001010100100000110001100
01111110001011000001101010011100
01111110001011011111100100100000
01111110001011111101110100100000
01111110001100011100011010100100
01111110001100111011010110110100
01111110001101011010101001011000
01111110001101111010010010011000
01111110001110011010010001111100
01111110001110111010101000001100
01111110001111011011010101010000
01111110001111111100011001010000
01111110010000001110111010001010
01111110010000011111110011010010
01111110010000110000111000000100
01111110010001000010001000100100
01111110010001010011100100110110
01111110010001100101001100111110
01111110010001110111000001000000
01111110010010001001000001000000
01111110010010011011001101000010
01111110010010101101100101001010
01111110010011000000001001011100
01111110010011010010111001111100
01111110010011100101110110101110
01111110010011111000111111110110
01111110010100001100010101011000
01111110010100011111110111011000
01111110010100110011100101111010
01111110010101000111100001000010
01111110010101011011101000110100
01111110010101101111111101010100
01111110010110000100011110100110
01111110010110011001001100101110
01111110010110101110000111110000
01111110010111000011001111110000
01111110010111011000100100110010
01111110010111101110000110111010
01111110011000000011110110001100
01111110011000011001110010101100
01111110011000101111111100011110
01111110011001000110010011100110
01111110011001011100111000001000
01111110011001110011101010001000
01111110011010001010101001101010
01111110011010100001110110110010
01111110011010111001010001100100
01111110011011010000111010000100
01111110011011101000110000010110
01111110011100000000110100011110
01111110011100011001000110100000
01111110011100110001100110100000
01111110011101001010010100100010
01111110011101100011010000101010
01111110011101111100011010111100
01111110011110010101110011011100
01111110011110101111011010001110
01111110011111001001001111010110
01111110011111100011010010111000
01111110011111111101100100111000
01111110100000001100000010101101
01111110100000011001011010010001
01111110100000100110111001001010
01111110100000110100011111011010
01111110100001000010001101000011
01111110100001010000000010000111
01111110100001011101111110101000
01111110100001101100000010101000
01111110100001111010001110001001
01111110100010001000100001001101
01111110100010010110111011110110
01111110100010100101011110000110
01111110100010110100000111111111
01111110100011000010111001100011
01111110100011010001110010110100
01111110100011100000110011110100
01111110100011101111111100100101
01111110100011111111001101001001
01111110100100001110100101100010
01111110100100011110000101110010
01111110100100101101101101111011
01111110100100111101011101111111
01111110100101001101010110000000
01111110100101011101010110000000
01111110100101101101011110000001
01111110100101111101101110000101
01111110100110001110000110001110
01111110100110011110100110011110
01111110100110101111001110110111
01111110100110111111111111011011
01111110100111010000111000001100
01111110100111100001111001001100
01111110100111110011000010011101
01111110101000000100010100000001
01111110101000010101101101111010
01111110101000100111010000001010
01111110101000111000111010110011
01111110101001001010101101110111
01111110101001011100101001011000
01111110101001101110101101011000
01111110101010000000111001111001
01111110101010010011001110111101
01111110101010100101101100100110
01111110101010111000010010110110
01111110101011001011000001101111
01111110101011011101111001010011
01111110101011110000111001100100
01111110101100000100000010100100
01111110101100010111010100010101
01111110101100101010101110111001
01111110101100111110010010010010
01111110101101010001111110100010
01111110101101100101110011101011
01111110101101111001110001101111
01111110101110001101111000110000
01111110101110100010001000110000
01111110101110110110100001110001
01111110101111001011000011110101
01111110101111011111101110111110
01111110101111110100100011001110
01111110110000000100110000010100
01111110110000001111010011100110
01111110110000011001111011011110
01111110110000100100100111111110
01111110110000101111011001000110
01111110110000111010001110111000
01111110110001000101001001010100
01111110110001010000001000011100
01111110110001011011001100010000
01111110110001100110010100110010
01111110110001110001100010000010
01111110110001111100110100000010
01111110110010001000001010110010
01111110110010010011100110010100
01111110110010011111000110101000
01111110110010101010101011110000
01111110110010110110010101101100
01111110110011000010000100011110
01111110110011001101111000000110
01111110110011011001110000100110
01111110110011100101101101111110
01111110110011110001110000010000
01111110110011111101110111011100
01111110110100001010000011100100
01111110110100010110010100101000
01111110110100100010101010101010
01111110110100101111000101101010
01111110110100111011100101101010
01111110110101001000001010101010
01111110110101010100110100101100
01111110110101100001100011110000
01111110110101101110010111111000
01111110110101111011010001000100
01111110110110001000001111010110
01111110110110010101010010101110
01111110110110100010011011001110
01111110110110101111101000110110
01111110110110111100111011101000
01111110110111001010010011100100
01111110110111010111110000101100
01111110110111100101010011000000
01111110110111110010111010100010
01111110111000000000100111010010
01111110111000001110011001010010
01111110111000011100010000100010
01111110111000101010001101000100
01111110111000111000001110111000
01111110111001000110010110000000
01111110111001010100100010011100
01111110111001100010110100001110
01111110111001110001001011010110
01111110111001111111100111110110
01111110111010001110001001101110
01111110111010011100110001000000
01111110111010101011011101101100
01111110111010111010001111110100
01111110111011001001000111011000
01111110111011011000000100011010
01111110111011100111000110111010
01111110111011110110001110111010
01111110111100000101011100011010
01111110111100010100101111011100
01111110111100100100001000000000
01111110111100110011100110001000
01111110111101000011001001110100
01111110111101010010110011000110
01111110111101100010100001111110
01111110111101110010010110011110
01111110111110000010010000100110
01111110111110010010010000011000
01111110111110100010010101110100
01111110111110110010100000111100
01111110111111000010110001110000
01111110111111010011001000010010
01111110111111100011100100100010
01111110111111110100000110100010
01111111000000000001001011100101
01111111000000000101010110111110
01111111000000001001100011110011
01111111000000001101110010000101
01111111000000010010000001110100
01111111000000010110010011000000
01111111000000011010100101101010
01111111000000011110111001110010
01111111000000100011001111011000
01111111000000100111100110011100
01111111000000101011111110111111
01111111000000110000011001000001
01111111000000110100110100100010
01111111000000111001010001100010
01111111000000111101110000000010
01111111000001000010010000000010
01111111000001000110110001100010
01111111000001001011010100100010
01111111000001001111111001000011
01111111000001010100011111000101
01111111000001011001000110101000
01111111000001011101101111101100
01111111000001100010011010010010
01111111000001100111000110011010
01111111000001101011110100000100
01111111000001110000100011010000
01111111000001110101010011111111
01111111000001111010000110010001
01111111000001111110111010000110
01111111000010000011101111011110
01111111000010001000100110011010
01111111000010001101011110111010
01111111000010010010011000111110
01111111000010010111010100100110
01111111000010011100010001110011
01111111000010100001010000100101
01111111000010100110010000111100
01111111000010101011010010111000
01111111000010110000010110011010
01111111000010110101011011100010
01111111000010111010100010010000
01111111000010111111101010100100
01111111000011000100110100011111
01111111000011001010000000000001
01111111000011001111001101001010
01111111000011010100011011111010
01111111000011011001101100010010
01111111000011011110111110010010
01111111000011100100010001111010
01111111000011101001100111001010
01111111000011101110111110000011
01111111000011110100010110100101
01111111000011111001110000110000
01111111000011111111001100100100
01111111000100000100101010000010
01111111000100001010001001001010
01111111000100001111101001111100
01111111000100010101001100011000
01111111000100011010110000011111
01111111000100100000010110010001
01111111000100100101111101101110
01111111000100101011100110110110
01111111000100110001010001101010
01111111000100110110111110001010
01111111000100111100101100010110
01111111000101000010011100001110
01111111000101001000001101110011
01111111000101001110000001000101
01111111000101010011110110000100
01111111000101011001101100110000
01111111000101011111100101001010
01111111000101100101011111010010
01111111000101101011011011001000
01111111000101110001011000101100
01111111000101110111010111111111
01111111000101111101011001000001
01111111000110000011011011110010
01111111000110001001100000010010
01111111000110001111100110100010
01111111000110010101101110100010
01111111000110011011111000010010
01111111000110100010000011110010
01111111000110101000010001000011
01111111000110101110100000000101
01111111000110110100110000111000
01111111000110111011000011011100
01111111000111000001010111110010
01111111000111000111101101111010
01111111000111001110000101110100
01111111000111010100011111100000
01111111000111011010111010111111
01111111000111100001011000010001
01111111000111100111110111010110
01111111000111101110011000001110
01111111000111110100111010111010
01111111000111111011011111011010
01111111001000000001000010110111
01111111001000000100010110111011
01111111001000000111101011111010
01111111001000001011000001110011
01111111001000001110011000100111
01111111001000010001110000010101
01111111001000010101001000111110
01111111001000011000100010100010
01111111001000011011111101000001
01111111001000011111011000011011
01111111001000100010110100110001
01111111001000100110010010000010
01111111001000101001110000001111
01111111001000101101001111010111
01111111001000110000101111011011
01111111001000110100010000011011
01111111001000110111110010010111
01111111001000111011010101001111
01111111001000111110111001000100
01111111001001000010011101110101
01111111001001000110000011100011
01111111001001001001101010001101
01111111001001001101010001110100
01111111001001010000111010011000
01111111001001010100100011111001
01111111001001011000001110010111
01111111001001011011111001110011
01111111001001011111100110001100
01111111001001100011010011100011
01111111001001100111000001110111
01111111001001101010110001001001
01111111001001101110100001011001
01111111001001110010010010100111
01111111001001110110000100110011
01111111001001111001110111111110
01111111001001111101101100000111
01111111001010000001100001001111
01111111001010000101010111010101
01111111001010001001001110011010
01111111001010001101000110011110
01111111001010010000111111100001
01111111001010010100111001100011
01111111001010011000110100100101
01111111001010011100110000100110
01111111001010100000101101100111
01111111001010100100101011100111
01111111001010101000101010100111
01111111001010101100101010100111
01111111001010110000101011100111
01111111001010110100101101100111
01111111001010111000110000101000
01111111001010111100110100101001
01111111001011000000111001101011
01111111001011000100111111101101
01111111001011001001000110110000
01111111001011001101001110110100
01111111001011010001010111111001
01111111001011010101100001111111
01111111001011011001101101000111
01111111001011011101111001010000
01111111001011100010000110011011
01111111001011100110010100100111
01111111001011101010100011110101
01111111001011101110110100000101
01111111001011110011000101010111
01111111001011110111010111101011
01111111001011111011101011000010
01111111001011111111111111011011
01111111001100000100010100110111
01111111001100001000101011010101
01111111001100001101000010110110
01111111001100010001011011011010
01111111001100010101110101000001
01111111001100011010001111101011
01111111001100011110101011011001
01111111001100100011001000001010
01111111001100100111100101111111
01111111001100101100000100110111
01111111001100110000100100110011
01111111001100110101000101110011
01111111001100111001100111110111
01111111001100111110001010111111
01111111001101000010101111001100
01111111001101000111010100011101
01111111001101001011111010110011
01111111001101010000100010001101
01111111001101010101001010101100
01111111001101011001110100010000
01111111001101011110011110111001
01111111001101100011001010100111
01111111001101100111110111011011
01111111001101101100100101010100
01111111001101110001010100010011
01111111001101110110000100010111
01111111001101111010110101100001
01111111001101111111100111110001
01111111001110000100011011000111
01111111001110001001001111100011
01111111001110001110000101000110
01111111001110010010111011101111
01111111001110010111110011011111
01111111001110011100101100010101
01111111001110100001100110010010
01111111001110100110100001010110
01111111001110101011011101100001
01111111001110110000011010110011
01111111001110110101011001001101
01111111001110111010011000101110
01111111001110111111011001010111
01111111001111000100011011000111
01111111001111001001011101111111
01111111001111001110100001111111
01111111001111010011100111000111
01111111001111011000101101010111
01111111001111011101110100110000
01111111001111100010111101010001
01111111001111101000000110111011
01111111001111101101010001101101
01111111001111110010011101101000
01111111001111110111101010101100
01111111001111111100111000111001
01111111010000000001000100001000
01111111010000000011101100011000
01111111010000000110010101001100
01111111010000001000111110100101
01111111010000001011101000100011
01111111010000001110010011000110
01111111010000010000111110001110
01111111010000010011101001111011
01111111010000010110010110001101
01111111010000011001000011000100
01111111010000011011110000100000
01111111010000011110011110100010
01111111010000100001001101001001
01111111010000100011111100010110
01111111010000100110101100001000
01111111010000101001011100100000
01111111010000101100001101011101
01111111010000101110111111000000
01111111010000110001110001001000
01111111010000110100100011110110
01111111010000110111010111001010
01111111010000111010001011000100
01111111010000111100111111100100
01111111010000111111110100101010
01111111010001000010101010010110
01111111010001000101100000101000
01111111010001001000010111100000
01111111010001001011001110111111
01111111010001001110000111000100
01111111010001010000111111110000
01111111010001010011111001000010
01111111010001010110110010111011
01111111010001011001101101011010
01111111010001011100101000100000
01111111010001011111100100001100
01111111010001100010100000011111
01111111010001100101011101011001
01111111010001101000011010111010
01111111010001101011011001000010
01111111010001101110010111110001
01111111010001110001010111000111
01111111010001110100010111000100
01111111010001110111010111101000
01111111010001111010011000110100
01111111010001111101011010100111
01111111010010000000011101000010
01111111010010000011100000000100
01111111010010000110100011101110
01111111010010001001100111111111
01111111010010001100101100111000
01111111010010001111110010011000
01111111010010010010111000100000
01111111010010010101111111010000
01111111010010011001000110101000
01111111010010011100001110101000
01111111010010011111010111010000
01111111010010100010100000100000
01111111010010100101101010011000
01111111010010101000110100111000
01111111010010101100000000000001
01111111010010101111001011110010
01111111010010110010011000001100
01111111010010110101100101001110
01111111010010111000110010111001
01111111010010111100000001001100
01111111010010111111010000001000
01111111010011000010011111101100
01111111010011000101101111111001
01111111010011001001000000101111
01111111010011001100010010001110
01111111010011001111100100010110
01111111010011010010110111000111
01111111010011010110001010100001
01111111010011011001011110100100
01111111010011011100110011010000
01111111010011100000001000100110
01111111010011100011011110100101
01111111010011100110110101001110
01111111010011101010001100100000
01111111010011101101100100011100
01111111010011110000111101000001
01111111010011110100010110010000
01111111010011110111110000001000
01111111010011111011001010101010
01111111010011111110100101110110
01111111010100000010000001101100
01111111010100000101011110001100
01111111010100001000111011010110
01111111010100001100011001001010
01111111010100001111110111101000
01111111010100010011010110110000
01111111010100010110110110100011
01111111010100011010010111000000
01111111010100011101111000001000
01111111010100100001011001111010
01111111010100100100111100010111
01111111010100101000011111011110
01111111010100101100000011010000
01111111010100101111100111101100
01111111010100110011001100110011
01111111010100110110110010100101
01111111010100111010011001000010
01111111010100111110000000001010
01111111010101000001100111111101
01111111010101000101010000011011
01111111010101001000111001100100
01111111010101001100100011011000
01111111010101010000001101111000
01111111010101010011111001000011
01111111010101010111100100111010
01111111010101011011010001011100
01111111010101011110111110101010
01111111010101100010101100100011
01111111010101100110011011001000
01111111010101101010001010011000
01111111010101101101111010010100
01111111010101110001101010111100
01111111010101110101011100010000
01111111010101111001001110010000
01111111010101111101000000111100
01111111010110000000110100010100
01111111010110000100101000011000
01111111010110001000011101001000
01111111010110001100010010100101
01111111010110010000001000101110
01111111010110010011111111100100
01111111010110010111110111000110
01111111010110011011101111010101
01111111010110011111101000010000
01111111010110100011100001111000
01111111010110100111011100001100
01111111010110101011010111001101
01111111010110101111010010111011
01111111010110110011001111010110
01111111010110110111001100011110
01111111010110111011001010010011
01111111010110111111001000110101
01111111010111000011001000000100
01111111010111000111001000000000
01111111010111001011001000101010
01111111010111001111001010000001
01111111010111010011001100000110
01111111010111010111001110111000
01111111010111011011010010011000
01111111010111011111010110100101
01111111010111100011011011100000
01111111010111100111100001001000
01111111010111101011100111011110
01111111010111101111101110100010
01111111010111110011110110010100
01111111010111110111111110110100
01111111010111111100001000000010
01111111011000000000001000111111
01111111011000000010001110010100
01111111011000000100010100000000
01111111011000000110011010000011
01111111011000001000100000011110
01111111011000001010100111010000
01111111011000001100101110011001
01111111011000001110110101111001
01111111011000010000111101110001
01111111011000010011000110000000
01111111011000010101001110100110
01111111011000010111010111100100
01111111011000011001100000111001
01111111011000011011101010100110
01111111011000011101110100101010
01111111011000011111111111000110
01111111011000100010001001111001
01111111011000100100010101000100
01111111011000100110100000100110
01111111011000101000101100100000
01111111011000101010111000110010
01111111011000101101000101011011
01111111011000101111010010011100
01111111011000110001011111110101
01111111011000110011101101100110
01111111011000110101111011101110
01111111011000111000001010001110
01111111011000111010011001000110
01111111011000111100101000010110
01111111011000111110110111111110
01111111011001000001000111111110
01111111011001000011011000010110
01111111011001000101101001000110
01111111011001000111111010001110
01111111011001001010001011101110
01111111011001001100011101100110
01111111011001001110101111110111
01111111011001010001000010100000
01111111011001010011010101100001
01111111011001010101101000111010
01111111011001010111111100101100
01111111011001011010010000110110
01111111011001011100100101011000
01111111011001011110111010010011
01111111011001100001001111100110
01111111011001100011100101010010
01111111011001100101111011010110
01111111011001101000010001110011
01111111011001101010101000101000
01111111011001101100111111110110
01111111011001101111010111011100
01111111011001110001101111011011
01111111011001110100000111110011
01111111011001110110100000100011
01111111011001111000111001101100
01111111011001111011010011001110
01111111011001111101101101001001
01111111011010000000000111011100
01111111011010000010100010001000
01111111011010000100111101001101
01111111011010000111011000101011
01111111011010001001110100100010
01111111011010001100010000110010
01111111011010001110101101011011
01111111011010010001001010011101
01111111011010010011100111111000
01111111011010010110000101101100
01111111011010011000100011111001
01111111011010011011000010100000
01111111011010011101100001100000
01111111011010100000000000111001
01111111011010100010100000101011
01111111011010100101000000110111
01111111011010100111100001011100
01111111011010101010000010011010
01111111011010101100100011110010
01111111011010101111000101100011
01111111011010110001100111101110
01111111011010110100001010010010
01111111011010110110101101010000
01111111011010111001010000100111
01111111011010111011110100011000
01111111011010111110011000100010
01111111011011000000111101000110
01111111011011000011100010000100
01111111011011000110000111011011
01111111011011001000101101001100
01111111011011001011010011010111
01111111011011001101111001111100
01111111011011010000100000111010
01111111011011010011001000010010
01111111011011010101110000000100
01111111011011011000011000010000
01111111011011011011000000110110
01111111011011011101101001110110
01111111011011100000010011010000
01111111011011100010111101000100
01111111011011100101100111010010
01111111011011101000010001111010
01111111011011101010111100111100
01111111011011101101101000011001
01111111011011110000010100010000
01111111011011110011000000100001
01111111011011110101101101001100
01111111011011111000011010010010
01111111011011111011000111110010
01111111011011111101110101101100
01111111011100000000100100000001
01111111011100000011010010110000
01111111011100000110000001111010
01111111011100001000110001011110
01111111011100001011100001011101
01111111011100001110010001110110
01111111011100010001000010101010
01111111011100010011110011111000
01111111011100010110100101100001
01111111011100011001010111100101
01111111011100011100001010000011
01111111011100011110111100111100
01111111011100100001110000010000
01111111011100100100100011111111
01111111011100100111011000001000
01111111011100101010001100101100
01111111011100101101000001101011
01111111011100101111110111000101
01111111011100110010101100111010
01111111011100110101100011001010
01111111011100111000011001110101
01111111011100111011010000111011
01111111011100111110001000011100
01111111011101000001000000011000
01111111011101000011111000101111
01111111011101000110110001100010
01111111011101001001101010110000
01111111011101001100100100011001
01111111011101001111011110011101
01111111011101010010011000111101
01111111011101010101010011111000
01111111011101011000001111001110
01111111011101011011001011000000
01111111011101011110000111001101
01111111011101100001000011110110
01111111011101100100000000111010
01111111011101100110111110011010
01111111011101101001111100010101
01111111011101101100111010101100
01111111011101101111111001011110
01111111011101110010111000101100
01111111011101110101111000010110
01111111011101111000111000011011
01111111011101111011111000111100
01111111011101111110111001111001
01111111011110000001111011010010
01111111011110000100111101000110
01111111011110000111111111010110
01111111011110001011000010000010
01111111011110001110000101001010
01111111011110010001001000101110
01111111011110010100001100101110
01111111011110010111010001001010
01111111011110011010010110000010
01111111011110011101011011010110
01111111011110100000100001000110
01111111011110100011100111010010
01111111011110100110101101111011
01111111011110101001110101000000
01111111011110101100111100100001
01111111011110110000000100011110
01111111011110110011001100111000
01111111011110110110010101101110
01111111011110111001011111000000
01111111011110111100101000101111
01111111011110111111110010111010
01111111011111000010111101100010
01111111011111000110001000100110
01111111011111001001010100000111
01111111011111001100100000000100
01111111011111001111101100011110
01111111011111010010111001010100
01111111011111010110000110100111
01111111011111011001010100010111
01111111011111011100100010100011
01111111011111011111110001001100
01111111011111100011000000010010
01111111011111100110001111110101
01111111011111101001011111110100
01111111011111101100110000010000
01111111011111110000000001001001
01111111011111110011010010011111
01111111011111110110100100010010
01111111011111111001110110100010
01111111011111111101001001001111
01111111100000000000000111000110
01111111100000000000111100000000
01111111100000000001110001000001
01111111100000000010100110001001
01111111100000000011011011011001
01111111100000000100010000110000
01111111100000000101000110001110
01111111100000000101111011110100
01111111100000000110110001100001
01111111100000000111100111010101
01111111100000001000011101010001
01111111100000001001010011010100
01111111100000001010001001011110
01111111100000001010111111110000
01111111100000001011110110001001
01111111100000001100101100101001
01111111100000001101100011010001
01111111100000001110011010000000
01111111100000001111010000110111
01111111100000010000000111110101
01111111100000010000111110111010
01111111100000010001110110000111
01111111100000010010101101011011
01111111100000010011100100110111
01111111100000010100011100011010
01111111100000010101010100000101
01111111100000010110001011110111
01111111100000010111000011110001
01111111100000010111111011110010
01111111100000011000110011111011
01111111100000011001101100001011
01111111100000011010100100100011
01111111100000011011011101000010
01111111100000011100010101101001
01111111100000011101001110010111
01111111100000011110000111001101
01111111100000011111000000001010
01111111100000011111111001001111
01111111100000100000110010011011
01111111100000100001101011101111
01111111100000100010100101001010
01111111100000100011011110101101
01111111100000100100011000011000
01111111100000100101010010001010
01111111100000100110001100000100
01111111100000100111000110000101
01111111100000101000000000001110
01111111100000101000111010011111
01111111100000101001110100110111
01111111100000101010101111010111
01111111100000101011101001111111
01111111100000101100100100101110
01111111100000101101011111100101
01111111100000101110011010100100
01111111100000101111010101101010
01111111100000110000010000111000
01111111100000110001001100001110
01111111100000110010000111101011
01111111100000110011000011010000
01111111100000110011111110111101
01111111100000110100111010110010
01111111100000110101110110101110
01111111100000110110110010110010
01111111100000110111101110111110
01111111100000111000101011010010
01111111100000111001100111101101
01111111100000111010100100010000
01111111100000111011100000111011
01111111100000111100011101101110
01111111100000111101011010101000
01111111100000111110010111101010
01111111100000111111010100110100
01111111100001000000010010000110
01111111100001000001001111100000
01111111100001000010001101000010
01111111100001000011001010101011
01111111100001000100001000011100
01111111100001000101000110010101
01111111100001000110000100010110
01111111100001000111000010011111
01111111100001001000000000110000
01111111100001001000111111001001
01111111100001001001111101101010
01111111100001001010111100010010
01111111100001001011111011000010
01111111100001001100111001111010
01111111100001001101111000111010
01111111100001001110111000000010
01111111100001001111110111010010
01111111100001010000110110101010
01111111100001010001110110001010
01111111100001010010110101110010
01111111100001010011110101100010
01111111100001010100110101011010
01111111100001010101110101011010
01111111100001010110110101100010
01111111100001010111110101110010
01111111100001011000110110001010
01111111100001011001110110101010
01111111100001011010110111010010
01111111100001011011111000000010
01111111100001011100111000111010
01111111100001011101111001111010
01111111100001011110111011000010
01111111100001011111111100010010
01111111100001100000111101101010
01111111100001100001111111001011
01111111100001100011000000110100
01111111100001100100000010100101
01111111100001100101000100011110
01111111100001100110000110011111
01111111100001100111001000101000
01111111100001101000001010111001
01111111100001101001001101010010
01111111100001101010001111110100
01111111100001101011010010011110
01111111100001101100010101010000
01111111100001101101011000001010
01111111100001101110011011001100
01111111100001101111011110010110
01111111100001110000100001101001
01111111100001110001100101000100
01111111100001110010101000100111
01111111100001110011101100010010
01111111100001110100110000000110
01111111100001110101110100000010
01111111100001110110111000000110
01111111100001110111111100010010
01111111100001111001000000100111
01111111100001111010000101000100
01111111100001111011001001101001
01111111100001111100001110010110
01111111100001111101010011001100
01111111100001111110011000001010
01111111100001111111011101010000
01111111100010000000100010011111
01111111100010000001100111110110
01111111100010000010101101010101
01111111100010000011110010111101
01111111100010000100111000101101
01111111100010000101111110100101
01111111100010000111000100100110
01111111100010001000001010101111
01111111100010001001010001000000
01111111100010001010010111011010
01111111100010001011011101111100
01111111100010001100100100100111
01111111100010001101101011011010
01111111100010001110110010010101
01111111100010001111111001011001
01111111100010010001000000100101
01111111100010010010000111111010
01111111100010010011001111010111
01111111100010010100010110111101
01111111100010010101011110101011
01111111100010010110100110100010
01111111100010010111101110100001
01111111100010011000110110101001
01111111100010011001111110111001
01111111100010011011000111010010
01111111100010011100001111110011
01111111100010011101011000011101
01111111100010011110100001001111
01111111100010011111101010001010
01111111100010100000110011001101
01111111100010100001111100011001
01111111100010100011000101101101
01111111100010100100001111001010
01111111100010100101011000101111
01111111100010100110100010011101
01111111100010100111101100010100
01111111100010101000110110010011
01111111100010101010000000011011
01111111100010101011001010101011
01111111100010101100010101000100
01111111100010101101011111100110
01111111100010101110101010010000
01111111100010101111110101000011
01111111100010110000111111111111
01111111100010110010001011000011
01111111100010110011010110010000
01111111100010110100100001100110
01111111100010110101101101000100
01111111100010110110111000101011
01111111100010111000000100011011
01111111100010111001010000010011
01111111100010111010011100010100
01111111100010111011101000011110
01111111100010111100110100110001
01111111100010111110000001001100
01111111100010111111001101110000
01111111100011000000011010011101
01111111100011000001100111010011
01111111100011000010110100010001
01111111100011000100000001011000
01111111100011000101001110101000
01111111100011000110011100000001
01111111100011000111101001100010
01111111100011001000110111001100
01111111100011001010000100111111
01111111100011001011010010111011
01111111100011001100100001000000
01111111100011001101101111001110
01111111100011001110111101100100
01111111100011010000001100000011
01111111100011010001011010101011
01111111100011010010101001011100
01111111100011010011111000010110
01111111100011010101000111011001
01111111100011010110010110100101
01111111100011010111100101111010
01111111100011011000110101010111
01111111100011011010000100111101
01111111100011011011010100101100
01111111100011011100100100100100
01111111100011011101110100100101
01111111100011011111000100101111
01111111100011100000010101000010
01111111100011100001100101011110
01111111100011100010110110000011
01111111100011100100000110110001
01111111100011100101010111101000
01111111100011100110101000101000
01111111100011100111111001110001
01111111100011101001001011000011
01111111100011101010011100011110
01111111100011101011101110000010
01111111100011101100111111101111
01111111100011101110010001100101
01111111100011101111100011100100
01111111100011110000110101101100
01111111100011110010000111111101
01111111100011110011011010010111
01111111100011110100101100111010
01111111100011110101111111100111
01111111100011110111010010011101
01111111100011111000100101011100
01111111100011111001111000100100
01111111100011111011001011110101
01111111100011111100011111001111
01111111100011111101110010110010
01111111100011111111000110011110
01111111100100000000001101001010
01111111100100000000110111001001
01111111100100000001100001001101
01111111100100000010001011010110
01111111100100000010110101100011
01111111100100000011011111110101
01111111100100000100001010001011
01111111100100000100110100100110
01111111100100000101011111000110
01111111100100000110001001101010
01111111100100000110110100010011
01111111100100000111011111000000
01111111100100001000001001110010
01111111100100001000110100101001
01111111100100001001011111100100
01111111100100001010001010100100
01111111100100001010110101101001
01111111100100001011100000110010
01111111100100001100001100000000
01111111100100001100110111010010
01111111100100001101100010101001
01111111100100001110001110000101
01111111100100001110111001100101
01111111100100001111100101001010
01111111100100010000010000110100
01111111100100010000111100100010
01111111100100010001101000010101
01111111100100010010010100001101
01111111100100010011000000001010
01111111100100010011101100001011
01111111100100010100011000010001
01111111100100010101000100011100
01111111100100010101110000101011
01111111100100010110011100111111
01111111100100010111001001011000
01111111100100010111110101110101
01111111100100011000100010010111
01111111100100011001001110111110
01111111100100011001111011101010
01111111100100011010101000011010
01111111100100011011010101001111
01111111100100011100000010001001
01111111100100011100101111001000
01111111100100011101011100001011
01111111100100011110001001010011
01111111100100011110110110100000
01111111100100011111100011110010
01111111100100100000010001001000
01111111100100100000111110100011
01111111100100100001101100000011
01111111100100100010011001101000
01111111100100100011000111010001
01111111100100100011110100111111
01111111100100100100100010110010
01111111100100100101010000101010
01111111100100100101111110100110
01111111100100100110101100100111
01111111100100100111011010101101
01111111100100101000001000111000
01111111100100101000110111001000
01111111100100101001100101011100
01111111100100101010010011110101
01111111100100101011000010010011
01111111100100101011110000110110
01111111100100101100011111011110
01111111100100101101001110001011
01111111100100101101111100111100
01111111100100101110101011110010
01111111100100101111011010101101
01111111100100110000001001101101
01111111100100110000111000110010
01111111100100110001100111111100
01111111100100110010010111001011
01111111100100110011000110011110
01111111100100110011110101110110
01111111100100110100100101010011
01111111100100110101010100110101
01111111100100110110000100011100
01111111100100110110110100001000
01111111100100110111100011111001
01111111100100111000010011101111
01111111100100111001000011101001
01111111100100111001110011101000
01111111100100111010100011101100
01111111100100111011010011110101
01111111100100111100000100000011
01111111100100111100110100010110
01111111100100111101100100101110
01111111100100111110010101001011
01111111100100111111000101101101
01111111100100111111110110010100
01111111100101000000100111000000
01111111100101000001010111110000
01111111100101000010001000100101
01111111100101000010111001011111
01111111100101000011101010011110
01111111100101000100011011100010
01111111100101000101001100101011
01111111100101000101111101111001
01111111100101000110101111001100
01111111100101000111100000100100
01111111100101001000010010000001
01111111100101001001000011100011
01111111100101001001110101001010
01111111100101001010100110110110
01111111100101001011011000100111
01111111100101001100001010011101
01111111100101001100111100011000
01111111100101001101101110011000
01111111100101001110100000011101
01111111100101001111010010100111
01111111100101010000000100110110
01111111100101010000110111001010
01111111100101010001101001100011
01111111100101010010011100000001
01111111100101010011001110100100
01111111100101010100000001001100
01111111100101010100110011111001
01111111100101010101100110101011
01111111100101010110011001100010
01111111100101010111001100011110
01111111100101010111111111011111
01111111100101011000110010100101
01111111100101011001100101110000
01111111100101011010011001000000
01111111100101011011001100010110
01111111100101011011111111110001
01111111100101011100110011010001
01111111100101011101100110110110
01111111100101011110011010100000
01111111100101011111001110001111
01111111100101100000000010000011
01111111100101100000110101111100
01111111100101100001101001111010
01111111100101100010011101111101
01111111100101100011010010000101
01111111100101100100000110010011
01111111100101100100111010100110
01111111100101100101101110111110
01111111100101100110100011011011
01111111100101100111010111111101
01111111100101101000001100100100
01111111100101101001000001010000
01111111100101101001110110000001
01111111100101101010101010111000
01111111100101101011011111110100
01111111100101101100010100110101
01111111100101101101001001111011
01111111100101101101111111000110
01111111100101101110110100010110
01111111100101101111101001101011
01111111100101110000011111000110
01111111100101110001010100100110
01111111100101110010001010001011
01111111100101110010111111110101
01111111100101110011110101100100
01111111100101110100101011011000
01111111100101110101100001010010
01111111100101110110010111010001
01111111100101110111001101010101
01111111100101111000000011011110
01111111100101111000111001101100
01111111100101111001110000000000
01111111100101111010100110011001
01111111100101111011011100110111
01111111100101111100010011011010
01111111100101111101001010000011
01111111100101111110000000110001
01111111100101111110110111100100
01111111100101111111101110011100
01111111100110000000100101011010
01111111100110000001011100011101
01111111100110000010010011100101
01111111100110000011001010110010
01111111100110000100000010000101
01111111100110000100111001011101
01111111100110000101110000111010
01111111100110000110101000011100
01111111100110000111100000000100
01111111100110001000010111110001
01111111100110001001001111100011
01111111100110001010000111011010
01111111100110001010111111010111
01111111100110001011110111011001
01111111100110001100101111100000
01111111100110001101100111101101
01111111100110001110011111111111
01111111100110001111011000010110
01111111100110010000010000110010
01111111100110010001001001010100
01111111100110010010000001111011
01111111100110010010111010100111
01111111100110010011110011011001
01111111100110010100101100010000
01111111100110010101100101001100
01111111100110010110011110001110
01111111100110010111010111010101
01111111100110011000010000100001
01111111100110011001001001110011
01111111100110011010000011001010
01111111100110011010111100100111
01111111100110011011110110001001
01111111100110011100101111110000
01111111100110011101101001011101
01111111100110011110100011001111
01111111100110011111011101000110
01111111100110100000010111000011
01111111100110100001010001000101
01111111100110100010001011001101
01111111100110100011000101011010
01111111100110100011111111101100
01111111100110100100111010000100
01111111100110100101110100100001
01111111100110100110101111000100
01111111100110100111101001101100
01111111100110101000100100011001
01111111100110101001011111001100
01111111100110101010011010000100
01111111100110101011010101000010
01111111100110101100010000000101
01111111100110101101001011001110
01111111100110101110000110011100
01111111100110101111000001101111
01111111100110101111111101001000
01111111100110110000111000100110
01111111100110110001110100001010
01111111100110110010101111110011
01111111100110110011101011100010
01111111100110110100100111010110
01111111100110110101100011010000
01111111100110110110011111001111
01111111100110110111011011010100
01111111100110111000010111011110
01111111100110111001010011101110
01111111100110111010010000000011
01111111100110111011001100011110
01111111100110111100001000111110
01111111100110111101000101100100
01111111100110111110000010001111
01111111100110111110111111000000
01111111100110111111111011110110
01111111100111000000111000110010
01111111100111000001110101110011
01111111100111000010110010111010
01111111100111000011110000000110
01111111100111000100101101011000
01111111100111000101101010101111
01111111100111000110101000001100
01111111100111000111100101101110
01111111100111001000100011010110
01111111100111001001100001000011
01111111100111001010011110110110
01111111100111001011011100101110
01111111100111001100011010101100
01111111100111001101011000110000
01111111100111001110010110111001
01111111100111001111010101001000
01111111100111010000010011011100
01111111100111010001010001110110
01111111100111010010010000010110
01111111100111010011001110111011
01111111100111010100001101100110
01111111100111010101001100010110
01111111100111010110001011001100
01111111100111010111001010001000
01111111100111011000001001001001
01111111100111011001001000010000
01111111100111011010000111011100
01111111100111011011000110101110
01111111100111011100000110000110
01111111100111011101000101100011
01111111100111011110000101000110
01111111100111011111000100101111
01111111100111100000000100011101
01111111100111100001000100010001
01111111100111100010000100001010
01111111100111100011000100001001
01111111100111100100000100001110
01111111100111100101000100011000
01111111100111100110000100101000
01111111100111100111000100111110
01111111100111101000000101011001
01111111100111101001000101111010
01111111100111101010000110100001
01111111100111101011000111001110
01111111100111101100001000000000
01111111100111101101001000111000
01111111100111101110001001110110
01111111100111101111001010111001
01111111100111110000001100000010
01111111100111110001001101010001
01111111100111110010001110100101
01111111100111110011001111111111
01111111100111110100010001011111
01111111100111110101010011000101
01111111100111110110010100110000
01111111100111110111010110100001
01111111100111111000011000011000
01111111100111111001011010010101
01111111100111111010011100010111
01111111100111111011011110011111
01111111100111111100100000101101
01111111100111111101100011000001
01111111100111111110100101011010
01111111100111111111100111111001
01111111101000000000010101001111
01111111101000000000110110100100
01111111101000000001010111111100
01111111101000000001111001010111
01111111101000000010011010110101
01111111101000000010111100010110
01111111101000000011011101111010
01111111101000000011111111100001
01111111101000000100100001001011
01111111101000000101000010110111
01111111101000000101100100100110
01111111101000000110000110011000
01111111101000000110101000001101
01111111101000000111001010000101
01111111101000000111101100000000
01111111101000001000001101111110
01111111101000001000101111111111
01111111101000001001010010000011
01111111101000001001110100001010
01111111101000001010010110010100
01111111101000001010111000100000
01111111101000001011011010101111
01111111101000001011111101000001
01111111101000001100011111010110
01111111101000001101000001101110
01111111101000001101100100001001
01111111101000001110000110100111
01111111101000001110101001001000
01111111101000001111001011101100
01111111101000001111101110010011
01111111101000010000010000111101
01111111101000010000110011101010
01111111101000010001010110011010
01111111101000010001111001001101
01111111101000010010011100000011
01111111101000010010111110111100
01111111101000010011100001111000
01111111101000010100000100110110
01111111101000010100100111110111
01111111101000010101001010111011
01111111101000010101101110000010
01111111101000010110010001001100
01111111101000010110110100011001
01111111101000010111010111101001
01111111101000010111111010111100
01111111101000011000011110010010
01111111101000011001000001101011
01111111101000011001100101000111
01111111101000011010001000100110
01111111101000011010101100001000
01111111101000011011001111101101
01111111101000011011110011010101
01111111101000011100010111000000
01111111101000011100111010101110
01111111101000011101011110011111
01111111101000011110000010010011
01111111101000011110100110001010
01111111101000011111001010000100
01111111101000011111101110000001
01111111101000100000010010000001
01111111101000100000110110000100
01111111101000100001011010001010
01111111101000100001111110010011
01111111101000100010100010011111
01111111101000100011000110101110
01111111101000100011101011000000
01111111101000100100001111010101
01111111101000100100110011101101
01111111101000100101011000001000
01111111101000100101111100100110
01111111101000100110100001000111
01111111101000100111000101101011
01111111101000100111101010010010
01111111101000101000001110111100
01111111101000101000110011101001
01111111101000101001011000011001
01111111101000101001111101001100
01111111101000101010100010000010
01111111101000101011000110111011
01111111101000101011101011110111
01111111101000101100010000110110
01111111101000101100110101111000
01111111101000101101011010111110
01111111101000101110000000000111
01111111101000101110100101010011
01111111101000101111001010100010
01111111101000101111101111110100
01111111101000110000010101001001
01111111101000110000111010100001
01111111101000110001011111111100
01111111101000110010000101011010
01111111101000110010101010111011
01111111101000110011010000011111
01111111101000110011110110000110
01111111101000110100011011110000
01111111101000110101000001011101
01111111101000110101100111001101
01111111101000110110001101000000
01111111101000110110110010110110
01111111101000110111011000110000
01111111101000110111111110101101
01111111101000111000100100101101
01111111101000111001001010110000
01111111101000111001110000110110
01111111101000111010010110111111
01111111101000111010111101001011
01111111101000111011100011011010
01111111101000111100001001101100
01111111101000111100110000000001
01111111101000111101010110011001
01111111101000111101111100110101
01111111101000111110100011010100
01111111101000111111001001110110
01111111101000111111110000011011
01111111101001000000010111000011
01111111101001000000111101101110
01111111101001000001100100011100
01111111101001000010001011001101
01111111101001000010110010000001
01111111101001000011011000111001
01111111101001000011111111110100
01111111101001000100100110110010
01111111101001000101001101110011
01111111101001000101110100110111
01111111101001000110011011111110
01111111101001000111000011001000
01111111101001000111101010010101
01111111101001001000010001100110
01111111101001001000111000111010
01111111101001001001100000010001
01111111101001001010000111101011
01111111101001001010101111001000
01111111101001001011010110101000
01111111101001001011111110001011
01111111101001001100100101110001
01111111101001001101001101011011
01111111101001001101110101001000
01111111101001001110011100111000
01111111101001001111000100101011
01111111101001001111101100100001
01111111101001010000010100011010
01111111101001010000111100010111
01111111101001010001100100010111
01111111101001010010001100011010
01111111101001010010110100100000
01111111101001010011011100101001
01111111101001010100000100110101
01111111101001010100101101000101
01111111101001010101010101011000
01111111101001010101111101101110
01111111101001010110100110000111
01111111101001010111001110100011
01111111101001010111110111000010
01111111101001011000011111100101
01111111101001011001001000001011
01111111101001011001110000110100
01111111101001011010011001100000
01111111101001011011000010001111
01111111101001011011101011000010
01111111101001011100010011111000
01111111101001011100111100110001
01111111101001011101100101101101
01111111101001011110001110101100
01111111101001011110110111101111
01111111101001011111100000110101
01111111101001100000001001111110
01111111101001100000110011001010
01111111101001100001011100011001
01111111101001100010000101101100
01111111101001100010101111000010
01111111101001100011011000011011
01111111101001100100000001110111
01111111101001100100101011010110
01111111101001100101010100111001
01111111101001100101111110011111
01111111101001100110101000001000
01111111101001100111010001110100
01111111101001100111111011100100
01111111101001101000100101010111
01111111101001101001001111001101
01111111101001101001111001000110
01111111101001101010100011000011
01111111101001101011001101000011
01111111101001101011110111000110
01111111101001101100100001001100
01111111101001101101001011010110
01111111101001101101110101100011
01111111101001101110011111110011
01111111101001101111001010000110
01111111101001101111110100011101
01111111101001110000011110110111
01111111101001110001001001010100
01111111101001110001110011110100
01111111101001110010011110011000
01111111101001110011001000111111
01111111101001110011110011101001
01111111101001110100011110010110
01111111101001110101001001000111
01111111101001110101110011111011
01111111101001110110011110110010
01111111101001110111001001101100
01111111101001110111110100101010
01111111101001111000011111101011
01111111101001111001001010101111
01111111101001111001110101110111
01111111101001111010100001000010
01111111101001111011001100010000
01111111101001111011110111100001
01111111101001111100100010110110
01111111101001111101001110001110
01111111101001111101111001101001
01111111101001111110100101001000
01111111101001111111010000101010
01111111101001111111111100001111
01111111101010000000100111110111
01111111101010000001010011100011
01111111101010000001111111010010
01111111101010000010101011000100
01111111101010000011010110111010
01111111101010000100000010110011
01111111101010000100101110101111
01111111101010000101011010101111
01111111101010000110000110110010
01111111101010000110110010111000
01111111101010000111011111000010
01111111101010001000001011001111
01111111101010001000110111011111
01111111101010001001100011110011
01111111101010001010010000001010
01111111101010001010111100100100
01111111101010001011101001000010
01111111101010001100010101100011
01111111101010001101000010000111
01111111101010001101101110101111
01111111101010001110011011011010
01111111101010001111001000001000
01111111101010001111110100111010
01111111101010010000100001101111
01111111101010010001001110100111
01111111101010010001111011100011
01111111101010010010101000100010
01111111101010010011010101100100
01111111101010010100000010101010
01111111101010010100101111110011
01111111101010010101011100111111
01111111101010010110001010001111
01111111101010010110110111100010
01111111101010010111100100111001
01111111101010011000010010010011
01111111101010011000111111110000
01111111101010011001101101010001
01111111101010011010011010110101
01111111101010011011001000011100
01111111101010011011110110000111
01111111101010011100100011110101
01111111101010011101010001100111
01111111101010011101111111011100
01111111101010011110101101010100
01111111101010011111011011010000
01111111101010100000001001001111
01111111101010100000110111010001
01111111101010100001100101010111
01111111101010100010010011100000
01111111101010100011000001101101
01111111101010100011101111111101
01111111101010100100011110010000
01111111101010100101001100100111
01111111101010100101111011000001
01111111101010100110101001011111
01111111101010100111011000000000
01111111101010101000000110100100
01111111101010101000110101001100
01111111101010101001100011110111
01111111101010101010010010100110
01111111101010101011000001011000
01111111101010101011110000001110
01111111101010101100011111000111
01111111101010101101001110000011
01111111101010101101111101000011
01111111101010101110101100000110
01111111101010101111011011001101
01111111101010110000001010010111
01111111101010110000111001100101
01111111101010110001101000110110
01111111101010110010011000001010
01111111101010110011000111100010
01111111101010110011110110111101
01111111101010110100100110011100
01111111101010110101010101111110
01111111101010110110000101100100
01111111101010110110110101001101
01111111101010110111100100111010
01111111101010111000010100101010
01111111101010111001000100011101
01111111101010111001110100010100
01111111101010111010100100001110
01111111101010111011010100001100
01111111101010111100000100001101
01111111101010111100110100010010
01111111101010111101100100011010
01111111101010111110010100100110
01111111101010111111000100110101
01111111101010111111110101001000
01111111101011000000100101011110
01111111101011000001010101111000
01111111101011000010000110010101
01111111101011000010110110110110
01111111101011000011100111011010
01111111101011000100011000000010
01111111101011000101001000101101
01111111101011000101111001011100
01111111101011000110101010001110
01111111101011000111011011000100
01111111101011001000001011111101
01111111101011001000111100111010
01111111101011001001101101111010
01111111101011001010011110111110
01111111101011001011010000000101
01111111101011001100000001010000
01111111101011001100110010011110
01111111101011001101100011110000
01111111101011001110010101000101
01111111101011001111000110011110
01111111101011001111110111111010
01111111101011010000101001011010
01111111101011010001011010111101
01111111101011010010001100100100
01111111101011010010111110001110
01111111101011010011101111111100
01111111101011010100100001101101
01111111101011010101010011100010
01111111101011010110000101011010
01111111101011010110110111010110
01111111101011010111101001010101
01111111101011011000011011011000
01111111101011011001001101011110
01111111101011011001111111101000
01111111101011011010110001110101
01111111101011011011100100000110
01111111101011011100010110011011
01111111101011011101001000110011
01111111101011011101111011001111
01111111101011011110101101101110
01111111101011011111100000010001
01111111101011100000010010110111
01111111101011100001000101100001
01111111101011100001111000001110
01111111101011100010101010111111
01111111101011100011011101110100
01111111101011100100010000101100
01111111101011100101000011101000
01111111101011100101110110100111
01111111101011100110101001101010
01111111101011100111011100110000
01111111101011101000001111111010
01111111101011101001000011001000
01111111101011101001110110011001
01111111101011101010101001101110
01111111101011101011011101000110
01111111101011101100010000100010
01111111101011101101000100000001
01111111101011101101110111100100
01111111101011101110101011001011
01111111101011101111011110110101
01111111101011110000010010100011
01111111101011110001000110010100
01111111101011110001111010001001
01111111101011110010101110000010
01111111101011110011100001111110
01111111101011110100010101111110
01111111101011110101001010000001
01111111101011110101111110001000
01111111101011110110110010010011
01111111101011110111100110100001
01111111101011111000011010110011
01111111101011111001001111001001
01111111101011111010000011100010
01111111101011111010110111111111
01111111101011111011101100011111
01111111101011111100100001000011
01111111101011111101010101101011
01111111101011111110001010010110
01111111101011111110111111000101
01111111101011111111110011111000
01111111101100000000010100010111
01111111101100000000101110110100
01111111101100000001001001010011
01111111101100000001100011110100
01111111101100000001111110010110
01111111101100000010011000111010
01111111101100000010110011100000
01111111101100000011001110001000
01111111101100000011101000110010
01111111101100000100000011011101
01111111101100000100011110001010
01111111101100000100111000111001
01111111101100000101010011101010
01111111101100000101101110011101
01111111101100000110001001010010
01111111101100000110100100001000
01111111101100000110111111000000
01111111101100000111011001111010
01111111101100000111110100110110
01111111101100001000001111110100
01111111101100001000101010110100
01111111101100001001000101110101
01111111101100001001100000111000
01111111101100001001111011111101
01111111101100001010010111000100
01111111101100001010110010001101
01111111101100001011001101011000
01111111101100001011101000100100
01111111101100001100000011110010
01111111101100001100011111000010
01111111101100001100111010010100
01111111101100001101010101101000
01111111101100001101110000111110
01111111101100001110001100010110
01111111101100001110100111101111
01111111101100001111000011001010
01111111101100001111011110100111
01111111101100001111111010000110
01111111101100010000010101100111
01111111101100010000110001001010
01111111101100010001001100101111
01111111101100010001101000010101
01111111101100010010000011111101
01111111101100010010011111100111
01111111101100010010111011010011
01111111101100010011010111000001
01111111101100010011110010110001
01111111101100010100001110100011
01111111101100010100101010010110
01111111101100010101000110001011
01111111101100010101100010000010
01111111101100010101111101111011
01111111101100010110011001110110
01111111101100010110110101110011
01111111101100010111010001110010
01111111101100010111101101110011
01111111101100011000001001110101
01111111101100011000100101111001
01111111101100011001000001111111
01111111101100011001011110000111
01111111101100011001111010010001
01111111101100011010010110011101
01111111101100011010110010101011
01111111101100011011001110111011
01111111101100011011101011001100
01111111101100011100000111011111
01111111101100011100100011110100
01111111101100011101000000001011
01111111101100011101011100100100
01111111101100011101111000111111
01111111101100011110010101011100
01111111101100011110110001111011
01111111101100011111001110011011
01111111101100011111101010111101
01111111101100100000000111100001
01111111101100100000100100000111
01111111101100100001000000101111
01111111101100100001011101011001
01111111101100100001111010000101
01111111101100100010010110110011
01111111101100100010110011100011
01111111101100100011010000010100
01111111101100100011101101000111
01111111101100100100001001111100
01111111101100100100100110110011
01111111101100100101000011101100
01111111101100100101100000100111
01111111101100100101111101100100
01111111101100100110011010100011
01111111101100100110110111100100
01111111101100100111010100100111
01111111101100100111110001101100
01111111101100101000001110110010
01111111101100101000101011111010
01111111101100101001001001000100
01111111101100101001100110010000
01111111101100101010000011011110
01111111101100101010100000101110
01111111101100101010111110000000
01111111101100101011011011010100
01111111101100101011111000101010
01111111101100101100010110000010
01111111101100101100110011011100
01111111101100101101010000110111
01111111101100101101101110010100
01111111101100101110001011110011
01111111101100101110101001010100
01111111101100101111000110110111
01111111101100101111100100011100
01111111101100110000000010000011
01111111101100110000011111101100
01111111101100110000111101010111
01111111101100110001011011000100
01111111101100110001111000110011
01111111101100110010010110100100
01111111101100110010110100010111
01111111101100110011010010001011
01111111101100110011110000000001
01111111101100110100001101111001
01111111101100110100101011110011
01111111101100110101001001101111
01111111101100110101100111101101
01111111101100110110000101101101
01111111101100110110100011101111
01111111101100110111000001110011
01111111101100110111011111111001
01111111101100110111111110000001
01111111101100111000011100001011
01111111101100111000111010010111
01111111101100111001011000100101
01111111101100111001110110110101
01111111101100111010010101000111
01111111101100111010110011011010
01111111101100111011010001101111
01111111101100111011110000000110
01111111101100111100001110011111
01111111101100111100101100111010
01111111101100111101001011010111
01111111101100111101101001110110
01111111101100111110001000010111
01111111101100111110100110111010
01111111101100111111000101011111
01111111101100111111100100000110
01111111101101000000000010101111
01111111101101000000100001011010
01111111101101000001000000000111
01111111101101000001011110110110
01111111101101000001111101100111
01111111101101000010011100011010
01111111101101000010111011001111
01111111101101000011011010000110
01111111101101000011111000111111
01111111101101000100010111111010
01111111101101000100110110110111
01111111101101000101010101110110
01111111101101000101110100110110
01111111101101000110010011111000
01111111101101000110110010111100
01111111101101000111010010000010
01111111101101000111110001001010
01111111101101001000010000010100
01111111101101001000101111100000
01111111101101001001001110101110
01111111101101001001101101111110
01111111101101001010001101010000
01111111101101001010101100100100
01111111101101001011001011111010
01111111101101001011101011010010
01111111101101001100001010101100
01111111101101001100101010001000
01111111101101001101001001100110
01111111101101001101101001000110
01111111101101001110001000101000
01111111101101001110101000001100
01111111101101001111000111110010
01111111101101001111100111011010
01111111101101010000000111000100
01111111101101010000100110110000
