00000000000000000000000000000000
01000000000000000000000000000000
01010000000000000000000000000000
01011001000000000000000000000000
01100000000000000000000000000000
01100010010000000000000000000000
01100100100000000000000000000000
01100110001000000000000000000000
01101000000000000000000000000000
01101001000100000000000000000000
01101010010000000000000000000000
01101011100100000000000000000000
01101100100000000000000000000000
01101101010010000000000000000000
01101110001000000000000000000000
01101111000010000000000000000000
01110000000000000000000000000000
01110000010000100000000000000000
01110000100010000000000000000000
01110000110100100000000000000000
01110001001000000000000000000000
01110001011100100000000000000000
01110001110010000000000000000000
01110010000100010000000000000000
01110010010000000000000000000000
01110010011100010000000000000000
01110010101001000000000000000000
01110010110110010000000000000000
01110011000100000000000000000000
01110011010010010000000000000000
01110011100001000000000000000000
01110011110000010000000000000000
01110100000000000000000000000000
01110100001000001000000000000000
01110100010000100000000000000000
01110100011001001000000000000000
01110100100010000000000000000000
01110100101011001000000000000000
01110100110100100000000000000000
01110100111110001000000000000000
01110101001000000000000000000000
01110101010010001000000000000000
01110101011100100000000000000000
01110101100111001000000000000000
01110101110010000000000000000000
01110101111101001000000000000000
01110110000100010000000000000000
01110110001010000100000000000000
01110110010000000000000000000000
01110110010110000100000000000000
01110110011100010000000000000000
01110110100010100100000000000000
01110110101001000000000000000000
01110110101111100100000000000000
01110110110110010000000000000000
01110110111101000100000000000000
01110111000100000000000000000000
01110111001011000100000000000000
01110111010010010000000000000000
01110111011001100100000000000000
01110111100001000000000000000000
01110111101000100100000000000000
01110111110000010000000000000000
01110111111000000100000000000000
01111000000000000000000000000000
01111000000010000001000000000000
01111000000100000100000000000000
01111000000110001001000000000000
01111000001000010000000000000000
01111000001010011001000000000000
01111000001100100100000000000000
01111000001110110001000000000000
01111000010001000000000000000000
01111000010011010001000000000000
01111000010101100100000000000000
01111000010111111001000000000000
01111000011010010000000000000000
01111000011100101001000000000000
01111000011111000100000000000000
01111000100001100001000000000000
01111000100100000000000000000000
01111000100110100001000000000000
01111000101001000100000000000000
01111000101011101001000000000000
01111000101110010000000000000000
01111000110000111001000000000000
01111000110011100100000000000000
01111000110110010001000000000000
01111000111001000000000000000000
01111000111011110001000000000000
01111000111110100100000000000000
01111001000000101100100000000000
01111001000010001000000000000000
01111001000011100100100000000000
01111001000101000010000000000000
01111001000110100000100000000000
01111001001000000000000000000000
01111001001001100000100000000000
01111001001011000010000000000000
01111001001100100100100000000000
01111001001110001000000000000000
01111001001111101100100000000000
01111001010001010010000000000000
01111001010010111000100000000000
01111001010100100000000000000000
01111001010110001000100000000000
01111001010111110010000000000000
01111001011001011100100000000000
01111001011011001000000000000000
01111001011100110100100000000000
01111001011110100010000000000000
01111001100000010000100000000000
01111001100010000000000000000000
01111001100011110000100000000000
01111001100101100010000000000000
01111001100111010100100000000000
01111001101001001000000000000000
01111001101010111100100000000000
01111001101100110010000000000000
01111001101110101000100000000000
01111001110000100000000000000000
01111001110010011000100000000000
01111001110100010010000000000000
01111001110110001100100000000000
01111001111000001000000000000000
01111001111010000100100000000000
01111001111100000010000000000000
01111001111110000000100000000000
01111010000000000000000000000000
01111010000001000000010000000000
01111010000010000001000000000000
01111010000011000010010000000000
01111010000100000100000000000000
01111010000101000110010000000000
01111010000110001001000000000000
01111010000111001100010000000000
01111010001000010000000000000000
01111010001001010100010000000000
01111010001010011001000000000000
01111010001011011110010000000000
01111010001100100100000000000000
01111010001101101010010000000000
01111010001110110001000000000000
01111010001111111000010000000000
01111010010001000000000000000000
01111010010010001000010000000000
01111010010011010001000000000000
01111010010100011010010000000000
01111010010101100100000000000000
01111010010110101110010000000000
01111010010111111001000000000000
01111010011001000100010000000000
01111010011010010000000000000000
01111010011011011100010000000000
01111010011100101001000000000000
01111010011101110110010000000000
01111010011111000100000000000000
01111010100000010010010000000000
01111010100001100001000000000000
01111010100010110000010000000000
01111010100100000000000000000000
01111010100101010000010000000000
01111010100110100001000000000000
01111010100111110010010000000000
01111010101001000100000000000000
01111010101010010110010000000000
01111010101011101001000000000000
01111010101100111100010000000000
01111010101110010000000000000000
01111010101111100100010000000000
01111010110000111001000000000000
01111010110010001110010000000000
01111010110011100100000000000000
01111010110100111010010000000000
01111010110110010001000000000000
01111010110111101000010000000000
01111010111001000000000000000000
01111010111010011000010000000000
01111010111011110001000000000000
01111010111101001010010000000000
01111010111110100100000000000000
01111010111111111110010000000000
01111011000000101100100000000000
01111011000001011010001000000000
01111011000010001000000000000000
01111011000010110110001000000000
01111011000011100100100000000000
01111011000100010011001000000000
01111011000101000010000000000000
01111011000101110001001000000000
01111011000110100000100000000000
01111011000111010000001000000000
01111011001000000000000000000000
01111011001000110000001000000000
01111011001001100000100000000000
01111011001010010001001000000000
01111011001011000010000000000000
01111011001011110011001000000000
01111011001100100100100000000000
01111011001101010110001000000000
01111011001110001000000000000000
01111011001110111010001000000000
01111011001111101100100000000000
01111011010000011111001000000000
01111011010001010010000000000000
01111011010010000101001000000000
01111011010010111000100000000000
01111011010011101100001000000000
01111011010100100000000000000000
01111011010101010100001000000000
01111011010110001000100000000000
01111011010110111101001000000000
01111011010111110010000000000000
01111011011000100111001000000000
01111011011001011100100000000000
01111011011010010010001000000000
01111011011011001000000000000000
01111011011011111110001000000000
01111011011100110100100000000000
01111011011101101011001000000000
01111011011110100010000000000000
01111011011111011001001000000000
01111011100000010000100000000000
01111011100001001000001000000000
01111011100010000000000000000000
01111011100010111000001000000000
01111011100011110000100000000000
01111011100100101001001000000000
01111011100101100010000000000000
01111011100110011011001000000000
01111011100111010100100000000000
01111011101000001110001000000000
01111011101001001000000000000000
01111011101010000010001000000000
01111011101010111100100000000000
01111011101011110111001000000000
01111011101100110010000000000000
01111011101101101101001000000000
01111011101110101000100000000000
01111011101111100100001000000000
01111011110000100000000000000000
01111011110001011100001000000000
01111011110010011000100000000000
01111011110011010101001000000000
01111011110100010010000000000000
01111011110101001111001000000000
01111011110110001100100000000000
01111011110111001010001000000000
01111011111000001000000000000000
01111011111001000110001000000000
01111011111010000100100000000000
01111011111011000011001000000000
01111011111100000010000000000000
01111011111101000001001000000000
01111011111110000000100000000000
01111011111111000000001000000000
01111100000000000000000000000000
01111100000000010000000010000000
01111100000000100000001000000000
01111100000000110000010010000000
01111100000001000000100000000000
01111100000001010000110010000000
01111100000001100001001000000000
01111100000001110001100010000000
01111100000010000010000000000000
01111100000010010010100010000000
01111100000010100011001000000000
01111100000010110011110010000000
01111100000011000100100000000000
01111100000011010101010010000000
01111100000011100110001000000000
01111100000011110111000010000000
01111100000100001000000000000000
01111100000100011001000010000000
01111100000100101010001000000000
01111100000100111011010010000000
01111100000101001100100000000000
01111100000101011101110010000000
01111100000101101111001000000000
01111100000110000000100010000000
01111100000110010010000000000000
01111100000110100011100010000000
01111100000110110101001000000000
01111100000111000110110010000000
01111100000111011000100000000000
01111100000111101010010010000000
01111100000111111100001000000000
01111100001000001110000010000000
01111100001000100000000000000000
01111100001000110010000010000000
01111100001001000100001000000000
01111100001001010110010010000000
01111100001001101000100000000000
01111100001001111010110010000000
01111100001010001101001000000000
01111100001010011111100010000000
01111100001010110010000000000000
01111100001011000100100010000000
01111100001011010111001000000000
01111100001011101001110010000000
01111100001011111100100000000000
01111100001100001111010010000000
01111100001100100010001000000000
01111100001100110101000010000000
01111100001101001000000000000000
01111100001101011011000010000000
01111100001101101110001000000000
01111100001110000001010010000000
01111100001110010100100000000000
01111100001110100111110010000000
01111100001110111011001000000000
01111100001111001110100010000000
01111100001111100010000000000000
01111100001111110101100010000000
01111100010000001001001000000000
01111100010000011100110010000000
01111100010000110000100000000000
01111100010001000100010010000000
01111100010001011000001000000000
01111100010001101100000010000000
01111100010010000000000000000000
01111100010010010100000010000000
01111100010010101000001000000000
01111100010010111100010010000000
01111100010011010000100000000000
01111100010011100100110010000000
01111100010011111001001000000000
01111100010100001101100010000000
01111100010100100010000000000000
01111100010100110110100010000000
01111100010101001011001000000000
01111100010101011111110010000000
01111100010101110100100000000000
01111100010110001001010010000000
01111100010110011110001000000000
01111100010110110011000010000000
01111100010111001000000000000000
01111100010111011101000010000000
01111100010111110010001000000000
01111100011000000111010010000000
01111100011000011100100000000000
01111100011000110001110010000000
01111100011001000111001000000000
01111100011001011100100010000000
01111100011001110010000000000000
01111100011010000111100010000000
01111100011010011101001000000000
01111100011010110010110010000000
01111100011011001000100000000000
01111100011011011110010010000000
01111100011011110100001000000000
01111100011100001010000010000000
01111100011100100000000000000000
01111100011100110110000010000000
01111100011101001100001000000000
01111100011101100010010010000000
01111100011101111000100000000000
01111100011110001110110010000000
01111100011110100101001000000000
01111100011110111011100010000000
01111100011111010010000000000000
01111100011111101000100010000000
01111100011111111111001000000000
01111100100000001010111001000000
01111100100000010110010000000000
01111100100000100001101001000000
01111100100000101101000100000000
01111100100000111000100001000000
01111100100001000100000000000000
01111100100001001111100001000000
01111100100001011011000100000000
01111100100001100110101001000000
01111100100001110010010000000000
01111100100001111101111001000000
01111100100010001001100100000000
01111100100010010101010001000000
01111100100010100001000000000000
01111100100010101100110001000000
01111100100010111000100100000000
01111100100011000100011001000000
01111100100011010000010000000000
01111100100011011100001001000000
01111100100011101000000100000000
01111100100011110100000001000000
01111100100100000000000000000000
01111100100100001100000001000000
01111100100100011000000100000000
01111100100100100100001001000000
01111100100100110000010000000000
01111100100100111100011001000000
01111100100101001000100100000000
01111100100101010100110001000000
01111100100101100001000000000000
01111100100101101101010001000000
01111100100101111001100100000000
01111100100110000101111001000000
01111100100110010010010000000000
01111100100110011110101001000000
01111100100110101011000100000000
01111100100110110111100001000000
01111100100111000100000000000000
01111100100111010000100001000000
01111100100111011101000100000000
01111100100111101001101001000000
01111100100111110110010000000000
01111100101000000010111001000000
01111100101000001111100100000000
01111100101000011100010001000000
01111100101000101001000000000000
01111100101000110101110001000000
01111100101001000010100100000000
01111100101001001111011001000000
01111100101001011100010000000000
01111100101001101001001001000000
01111100101001110110000100000000
01111100101010000011000001000000
01111100101010010000000000000000
01111100101010011101000001000000
01111100101010101010000100000000
01111100101010110111001001000000
01111100101011000100010000000000
01111100101011010001011001000000
01111100101011011110100100000000
01111100101011101011110001000000
01111100101011111001000000000000
01111100101100000110010001000000
01111100101100010011100100000000
01111100101100100000111001000000
01111100101100101110010000000000
01111100101100111011101001000000
01111100101101001001000100000000
01111100101101010110100001000000
01111100101101100100000000000000
01111100101101110001100001000000
01111100101101111111000100000000
01111100101110001100101001000000
01111100101110011010010000000000
01111100101110100111111001000000
01111100101110110101100100000000
01111100101111000011010001000000
01111100101111010001000000000000
01111100101111011110110001000000
01111100101111101100100100000000
01111100101111111010011001000000
01111100110000001000010000000000
01111100110000010110001001000000
01111100110000100100000100000000
01111100110000110010000001000000
01111100110001000000000000000000
01111100110001001110000001000000
01111100110001011100000100000000
01111100110001101010001001000000
01111100110001111000010000000000
01111100110010000110011001000000
01111100110010010100100100000000
01111100110010100010110001000000
01111100110010110001000000000000
01111100110010111111010001000000
01111100110011001101100100000000
01111100110011011011111001000000
01111100110011101010010000000000
01111100110011111000101001000000
01111100110100000111000100000000
01111100110100010101100001000000
01111100110100100100000000000000
01111100110100110010100001000000
01111100110101000001000100000000
01111100110101001111101001000000
01111100110101011110010000000000
01111100110101101100111001000000
01111100110101111011100100000000
01111100110110001010010001000000
01111100110110011001000000000000
01111100110110100111110001000000
01111100110110110110100100000000
01111100110111000101011001000000
01111100110111010100010000000000
01111100110111100011001001000000
01111100110111110010000100000000
01111100111000000001000001000000
01111100111000010000000000000000
01111100111000011111000001000000
01111100111000101110000100000000
01111100111000111101001001000000
01111100111001001100010000000000
01111100111001011011011001000000
01111100111001101010100100000000
01111100111001111001110001000000
01111100111010001001000000000000
01111100111010011000010001000000
01111100111010100111100100000000
01111100111010110110111001000000
01111100111011000110010000000000
01111100111011010101101001000000
01111100111011100101000100000000
01111100111011110100100001000000
01111100111100000100000000000000
01111100111100010011100001000000
01111100111100100011000100000000
01111100111100110010101001000000
01111100111101000010010000000000
01111100111101010001111001000000
01111100111101100001100100000000
01111100111101110001010001000000
01111100111110000001000000000000
01111100111110010000110001000000
01111100111110100000100100000000
01111100111110110000011001000000
01111100111111000000010000000000
01111100111111010000001001000000
01111100111111100000000100000000
01111100111111110000000001000000
01111101000000000000000000000000
01111101000000001000000000100000
01111101000000010000000010000000
01111101000000011000000100100000
01111101000000100000001000000000
01111101000000101000001100100000
01111101000000110000010010000000
01111101000000111000011000100000
01111101000001000000100000000000
01111101000001001000101000100000
01111101000001010000110010000000
01111101000001011000111100100000
01111101000001100001001000000000
01111101000001101001010100100000
01111101000001110001100010000000
01111101000001111001110000100000
01111101000010000010000000000000
01111101000010001010010000100000
01111101000010010010100010000000
01111101000010011010110100100000
01111101000010100011001000000000
01111101000010101011011100100000
01111101000010110011110010000000
01111101000010111100001000100000
01111101000011000100100000000000
01111101000011001100111000100000
01111101000011010101010010000000
01111101000011011101101100100000
01111101000011100110001000000000
01111101000011101110100100100000
01111101000011110111000010000000
01111101000011111111100000100000
01111101000100001000000000000000
01111101000100010000100000100000
01111101000100011001000010000000
01111101000100100001100100100000
01111101000100101010001000000000
01111101000100110010101100100000
01111101000100111011010010000000
01111101000101000011111000100000
01111101000101001100100000000000
01111101000101010101001000100000
01111101000101011101110010000000
01111101000101100110011100100000
01111101000101101111001000000000
01111101000101110111110100100000
01111101000110000000100010000000
01111101000110001001010000100000
01111101000110010010000000000000
01111101000110011010110000100000
01111101000110100011100010000000
01111101000110101100010100100000
01111101000110110101001000000000
01111101000110111101111100100000
01111101000111000110110010000000
01111101000111001111101000100000
01111101000111011000100000000000
01111101000111100001011000100000
01111101000111101010010010000000
01111101000111110011001100100000
01111101000111111100001000000000
01111101001000000101000100100000
01111101001000001110000010000000
01111101001000010111000000100000
01111101001000100000000000000000
01111101001000101001000000100000
01111101001000110010000010000000
01111101001000111011000100100000
01111101001001000100001000000000
01111101001001001101001100100000
01111101001001010110010010000000
01111101001001011111011000100000
01111101001001101000100000000000
01111101001001110001101000100000
01111101001001111010110010000000
01111101001010000011111100100000
01111101001010001101001000000000
01111101001010010110010100100000
01111101001010011111100010000000
01111101001010101000110000100000
01111101001010110010000000000000
01111101001010111011010000100000
01111101001011000100100010000000
01111101001011001101110100100000
01111101001011010111001000000000
01111101001011100000011100100000
01111101001011101001110010000000
01111101001011110011001000100000
01111101001011111100100000000000
01111101001100000101111000100000
01111101001100001111010010000000
01111101001100011000101100100000
01111101001100100010001000000000
01111101001100101011100100100000
01111101001100110101000010000000
01111101001100111110100000100000
01111101001101001000000000000000
01111101001101010001100000100000
01111101001101011011000010000000
01111101001101100100100100100000
01111101001101101110001000000000
01111101001101110111101100100000
01111101001110000001010010000000
01111101001110001010111000100000
01111101001110010100100000000000
01111101001110011110001000100000
01111101001110100111110010000000
01111101001110110001011100100000
01111101001110111011001000000000
01111101001111000100110100100000
01111101001111001110100010000000
01111101001111011000010000100000
01111101001111100010000000000000
01111101001111101011110000100000
01111101001111110101100010000000
01111101001111111111010100100000
01111101010000001001001000000000
01111101010000010010111100100000
01111101010000011100110010000000
01111101010000100110101000100000
01111101010000110000100000000000
01111101010000111010011000100000
01111101010001000100010010000000
01111101010001001110001100100000
01111101010001011000001000000000
01111101010001100010000100100000
01111101010001101100000010000000
01111101010001110110000000100000
01111101010010000000000000000000
01111101010010001010000000100000
01111101010010010100000010000000
01111101010010011110000100100000
01111101010010101000001000000000
01111101010010110010001100100000
01111101010010111100010010000000
01111101010011000110011000100000
01111101010011010000100000000000
01111101010011011010101000100000
01111101010011100100110010000000
01111101010011101110111100100000
01111101010011111001001000000000
01111101010100000011010100100000
01111101010100001101100010000000
01111101010100010111110000100000
01111101010100100010000000000000
01111101010100101100010000100000
01111101010100110110100010000000
01111101010101000000110100100000
01111101010101001011001000000000
01111101010101010101011100100000
01111101010101011111110010000000
01111101010101101010001000100000
01111101010101110100100000000000
01111101010101111110111000100000
01111101010110001001010010000000
01111101010110010011101100100000
01111101010110011110001000000000
01111101010110101000100100100000
01111101010110110011000010000000
01111101010110111101100000100000
01111101010111001000000000000000
01111101010111010010100000100000
01111101010111011101000010000000
01111101010111100111100100100000
01111101010111110010001000000000
01111101010111111100101100100000
01111101011000000111010010000000
01111101011000010001111000100000
01111101011000011100100000000000
01111101011000100111001000100000
01111101011000110001110010000000
01111101011000111100011100100000
01111101011001000111001000000000
01111101011001010001110100100000
01111101011001011100100010000000
01111101011001100111010000100000
01111101011001110010000000000000
01111101011001111100110000100000
01111101011010000111100010000000
01111101011010010010010100100000
01111101011010011101001000000000
01111101011010100111111100100000
01111101011010110010110010000000
01111101011010111101101000100000
01111101011011001000100000000000
01111101011011010011011000100000
01111101011011011110010010000000
01111101011011101001001100100000
01111101011011110100001000000000
01111101011011111111000100100000
01111101011100001010000010000000
01111101011100010101000000100000
01111101011100100000000000000000
01111101011100101011000000100000
01111101011100110110000010000000
01111101011101000001000100100000
01111101011101001100001000000000
01111101011101010111001100100000
01111101011101100010010010000000
01111101011101101101011000100000
01111101011101111000100000000000
01111101011110000011101000100000
01111101011110001110110010000000
01111101011110011001111100100000
01111101011110100101001000000000
01111101011110110000010100100000
01111101011110111011100010000000
01111101011111000110110000100000
01111101011111010010000000000000
01111101011111011101010000100000
01111101011111101000100010000000
01111101011111110011110100100000
01111101011111111111001000000000
01111101100000000101001110010000
01111101100000001010111001000000
01111101100000010000100100010000
01111101100000010110010000000000
01111101100000011011111100010000
01111101100000100001101001000000
01111101100000100111010110010000
01111101100000101101000100000000
01111101100000110010110010010000
01111101100000111000100001000000
01111101100000111110010000010000
01111101100001000100000000000000
01111101100001001001110000010000
01111101100001001111100001000000
01111101100001010101010010010000
01111101100001011011000100000000
01111101100001100000110110010000
01111101100001100110101001000000
01111101100001101100011100010000
01111101100001110010010000000000
01111101100001111000000100010000
01111101100001111101111001000000
01111101100010000011101110010000
01111101100010001001100100000000
01111101100010001111011010010000
01111101100010010101010001000000
01111101100010011011001000010000
01111101100010100001000000000000
01111101100010100110111000010000
01111101100010101100110001000000
01111101100010110010101010010000
01111101100010111000100100000000
01111101100010111110011110010000
01111101100011000100011001000000
01111101100011001010010100010000
01111101100011010000010000000000
01111101100011010110001100010000
01111101100011011100001001000000
01111101100011100010000110010000
01111101100011101000000100000000
01111101100011101110000010010000
01111101100011110100000001000000
01111101100011111010000000010000
01111101100100000000000000000000
01111101100100000110000000010000
01111101100100001100000001000000
01111101100100010010000010010000
01111101100100011000000100000000
01111101100100011110000110010000
01111101100100100100001001000000
01111101100100101010001100010000
01111101100100110000010000000000
01111101100100110110010100010000
01111101100100111100011001000000
01111101100101000010011110010000
01111101100101001000100100000000
01111101100101001110101010010000
01111101100101010100110001000000
01111101100101011010111000010000
01111101100101100001000000000000
01111101100101100111001000010000
01111101100101101101010001000000
01111101100101110011011010010000
01111101100101111001100100000000
01111101100101111111101110010000
01111101100110000101111001000000
01111101100110001100000100010000
01111101100110010010010000000000
01111101100110011000011100010000
01111101100110011110101001000000
01111101100110100100110110010000
01111101100110101011000100000000
01111101100110110001010010010000
01111101100110110111100001000000
01111101100110111101110000010000
01111101100111000100000000000000
01111101100111001010010000010000
01111101100111010000100001000000
01111101100111010110110010010000
01111101100111011101000100000000
01111101100111100011010110010000
01111101100111101001101001000000
01111101100111101111111100010000
01111101100111110110010000000000
01111101100111111100100100010000
01111101101000000010111001000000
01111101101000001001001110010000
01111101101000001111100100000000
01111101101000010101111010010000
01111101101000011100010001000000
01111101101000100010101000010000
01111101101000101001000000000000
01111101101000101111011000010000
01111101101000110101110001000000
01111101101000111100001010010000
01111101101001000010100100000000
01111101101001001000111110010000
01111101101001001111011001000000
01111101101001010101110100010000
01111101101001011100010000000000
01111101101001100010101100010000
01111101101001101001001001000000
01111101101001101111100110010000
01111101101001110110000100000000
01111101101001111100100010010000
01111101101010000011000001000000
01111101101010001001100000010000
01111101101010010000000000000000
01111101101010010110100000010000
01111101101010011101000001000000
01111101101010100011100010010000
01111101101010101010000100000000
01111101101010110000100110010000
01111101101010110111001001000000
01111101101010111101101100010000
01111101101011000100010000000000
01111101101011001010110100010000
01111101101011010001011001000000
01111101101011010111111110010000
01111101101011011110100100000000
01111101101011100101001010010000
01111101101011101011110001000000
01111101101011110010011000010000
01111101101011111001000000000000
01111101101011111111101000010000
01111101101100000110010001000000
01111101101100001100111010010000
01111101101100010011100100000000
01111101101100011010001110010000
01111101101100100000111001000000
01111101101100100111100100010000
01111101101100101110010000000000
01111101101100110100111100010000
01111101101100111011101001000000
01111101101101000010010110010000
01111101101101001001000100000000
01111101101101001111110010010000
01111101101101010110100001000000
01111101101101011101010000010000
01111101101101100100000000000000
01111101101101101010110000010000
01111101101101110001100001000000
01111101101101111000010010010000
01111101101101111111000100000000
01111101101110000101110110010000
01111101101110001100101001000000
01111101101110010011011100010000
01111101101110011010010000000000
01111101101110100001000100010000
01111101101110100111111001000000
01111101101110101110101110010000
01111101101110110101100100000000
01111101101110111100011010010000
01111101101111000011010001000000
01111101101111001010001000010000
01111101101111010001000000000000
01111101101111010111111000010000
01111101101111011110110001000000
01111101101111100101101010010000
01111101101111101100100100000000
01111101101111110011011110010000
01111101101111111010011001000000
01111101110000000001010100010000
01111101110000001000010000000000
01111101110000001111001100010000
01111101110000010110001001000000
01111101110000011101000110010000
01111101110000100100000100000000
01111101110000101011000010010000
01111101110000110010000001000000
01111101110000111001000000010000
01111101110001000000000000000000
01111101110001000111000000010000
01111101110001001110000001000000
01111101110001010101000010010000
01111101110001011100000100000000
01111101110001100011000110010000
01111101110001101010001001000000
01111101110001110001001100010000
01111101110001111000010000000000
01111101110001111111010100010000
01111101110010000110011001000000
01111101110010001101011110010000
01111101110010010100100100000000
01111101110010011011101010010000
01111101110010100010110001000000
01111101110010101001111000010000
01111101110010110001000000000000
01111101110010111000001000010000
01111101110010111111010001000000
01111101110011000110011010010000
01111101110011001101100100000000
01111101110011010100101110010000
01111101110011011011111001000000
01111101110011100011000100010000
01111101110011101010010000000000
01111101110011110001011100010000
01111101110011111000101001000000
01111101110011111111110110010000
01111101110100000111000100000000
01111101110100001110010010010000
01111101110100010101100001000000
01111101110100011100110000010000
01111101110100100100000000000000
01111101110100101011010000010000
01111101110100110010100001000000
01111101110100111001110010010000
01111101110101000001000100000000
01111101110101001000010110010000
01111101110101001111101001000000
01111101110101010110111100010000
01111101110101011110010000000000
01111101110101100101100100010000
01111101110101101100111001000000
01111101110101110100001110010000
01111101110101111011100100000000
01111101110110000010111010010000
01111101110110001010010001000000
01111101110110010001101000010000
01111101110110011001000000000000
01111101110110100000011000010000
01111101110110100111110001000000
01111101110110101111001010010000
01111101110110110110100100000000
01111101110110111101111110010000
01111101110111000101011001000000
01111101110111001100110100010000
01111101110111010100010000000000
01111101110111011011101100010000
01111101110111100011001001000000
01111101110111101010100110010000
01111101110111110010000100000000
01111101110111111001100010010000
01111101111000000001000001000000
01111101111000001000100000010000
01111101111000010000000000000000
01111101111000010111100000010000
01111101111000011111000001000000
01111101111000100110100010010000
01111101111000101110000100000000
01111101111000110101100110010000
01111101111000111101001001000000
01111101111001000100101100010000
01111101111001001100010000000000
01111101111001010011110100010000
01111101111001011011011001000000
01111101111001100010111110010000
01111101111001101010100100000000
01111101111001110010001010010000
01111101111001111001110001000000
01111101111010000001011000010000
01111101111010001001000000000000
01111101111010010000101000010000
01111101111010011000010001000000
01111101111010011111111010010000
01111101111010100111100100000000
01111101111010101111001110010000
01111101111010110110111001000000
01111101111010111110100100010000
01111101111011000110010000000000
01111101111011001101111100010000
01111101111011010101101001000000
01111101111011011101010110010000
01111101111011100101000100000000
01111101111011101100110010010000
01111101111011110100100001000000
01111101111011111100010000010000
01111101111100000100000000000000
01111101111100001011110000010000
01111101111100010011100001000000
01111101111100011011010010010000
01111101111100100011000100000000
01111101111100101010110110010000
01111101111100110010101001000000
01111101111100111010011100010000
01111101111101000010010000000000
01111101111101001010000100010000
01111101111101010001111001000000
01111101111101011001101110010000
01111101111101100001100100000000
01111101111101101001011010010000
01111101111101110001010001000000
01111101111101111001001000010000
01111101111110000001000000000000
01111101111110001000111000010000
01111101111110010000110001000000
01111101111110011000101010010000
01111101111110100000100100000000
01111101111110101000011110010000
01111101111110110000011001000000
01111101111110111000010100010000
01111101111111000000010000000000
01111101111111001000001100010000
01111101111111010000001001000000
01111101111111011000000110010000
01111101111111100000000100000000
01111101111111101000000010010000
01111101111111110000000001000000
01111101111111111000000000010000
01111110000000000000000000000000
01111110000000000010000000000100
01111110000000000100000000010000
01111110000000000110000000100100
01111110000000001000000001000000
01111110000000001010000001100100
01111110000000001100000010010000
01111110000000001110000011000100
01111110000000010000000100000000
01111110000000010010000101000100
01111110000000010100000110010000
01111110000000010110000111100100
01111110000000011000001001000000
01111110000000011010001010100100
01111110000000011100001100010000
01111110000000011110001110000100
01111110000000100000010000000000
01111110000000100010010010000100
01111110000000100100010100010000
01111110000000100110010110100100
01111110000000101000011001000000
01111110000000101010011011100100
01111110000000101100011110010000
01111110000000101110100001000100
01111110000000110000100100000000
01111110000000110010100111000100
01111110000000110100101010010000
01111110000000110110101101100100
01111110000000111000110001000000
01111110000000111010110100100100
01111110000000111100111000010000
01111110000000111110111100000100
01111110000001000001000000000000
01111110000001000011000100000100
01111110000001000101001000010000
01111110000001000111001100100100
01111110000001001001010001000000
01111110000001001011010101100100
01111110000001001101011010010000
01111110000001001111011111000100
01111110000001010001100100000000
01111110000001010011101001000100
01111110000001010101101110010000
01111110000001010111110011100100
01111110000001011001111001000000
01111110000001011011111110100100
01111110000001011110000100010000
01111110000001100000001010000100
01111110000001100010010000000000
01111110000001100100010110000100
01111110000001100110011100010000
01111110000001101000100010100100
01111110000001101010101001000000
01111110000001101100101111100100
01111110000001101110110110010000
01111110000001110000111101000100
01111110000001110011000100000000
01111110000001110101001011000100
01111110000001110111010010010000
01111110000001111001011001100100
01111110000001111011100001000000
01111110000001111101101000100100
01111110000001111111110000010000
01111110000010000001111000000100
01111110000010000100000000000000
01111110000010000110001000000100
01111110000010001000010000010000
01111110000010001010011000100100
01111110000010001100100001000000
01111110000010001110101001100100
01111110000010010000110010010000
01111110000010010010111011000100
01111110000010010101000100000000
01111110000010010111001101000100
01111110000010011001010110010000
01111110000010011011011111100100
01111110000010011101101001000000
01111110000010011111110010100100
01111110000010100001111100010000
01111110000010100100000110000100
01111110000010100110010000000000
01111110000010101000011010000100
01111110000010101010100100010000
01111110000010101100101110100100
01111110000010101110111001000000
01111110000010110001000011100100
01111110000010110011001110010000
01111110000010110101011001000100
01111110000010110111100100000000
01111110000010111001101111000100
01111110000010111011111010010000
01111110000010111110000101100100
01111110000011000000010001000000
01111110000011000010011100100100
01111110000011000100101000010000
01111110000011000110110100000100
01111110000011001001000000000000
01111110000011001011001100000100
01111110000011001101011000010000
01111110000011001111100100100100
01111110000011010001110001000000
01111110000011010011111101100100
01111110000011010110001010010000
01111110000011011000010111000100
01111110000011011010100100000000
01111110000011011100110001000100
01111110000011011110111110010000
01111110000011100001001011100100
01111110000011100011011001000000
01111110000011100101100110100100
01111110000011100111110100010000
01111110000011101010000010000100
01111110000011101100010000000000
01111110000011101110011110000100
01111110000011110000101100010000
01111110000011110010111010100100
01111110000011110101001001000000
01111110000011110111010111100100
01111110000011111001100110010000
01111110000011111011110101000100
01111110000011111110000100000000
01111110000100000000010011000100
01111110000100000010100010010000
01111110000100000100110001100100
01111110000100000111000001000000
01111110000100001001010000100100
01111110000100001011100000010000
01111110000100001101110000000100
01111110000100010000000000000000
01111110000100010010010000000100
01111110000100010100100000010000
01111110000100010110110000100100
01111110000100011001000001000000
01111110000100011011010001100100
01111110000100011101100010010000
01111110000100011111110011000100
01111110000100100010000100000000
01111110000100100100010101000100
01111110000100100110100110010000
01111110000100101000110111100100
01111110000100101011001001000000
01111110000100101101011010100100
01111110000100101111101100010000
01111110000100110001111110000100
01111110000100110100010000000000
01111110000100110110100010000100
01111110000100111000110100010000
01111110000100111011000110100100
01111110000100111101011001000000
01111110000100111111101011100100
01111110000101000001111110010000
01111110000101000100010001000100
01111110000101000110100100000000
01111110000101001000110111000100
01111110000101001011001010010000
01111110000101001101011101100100
01111110000101001111110001000000
01111110000101010010000100100100
01111110000101010100011000010000
01111110000101010110101100000100
01111110000101011001000000000000
01111110000101011011010100000100
01111110000101011101101000010000
01111110000101011111111100100100
01111110000101100010010001000000
01111110000101100100100101100100
01111110000101100110111010010000
01111110000101101001001111000100
01111110000101101011100100000000
01111110000101101101111001000100
01111110000101110000001110010000
01111110000101110010100011100100
01111110000101110100111001000000
01111110000101110111001110100100
01111110000101111001100100010000
01111110000101111011111010000100
01111110000101111110010000000000
01111110000110000000100110000100
01111110000110000010111100010000
01111110000110000101010010100100
01111110000110000111101001000000
01111110000110001001111111100100
01111110000110001100010110010000
01111110000110001110101101000100
01111110000110010001000100000000
01111110000110010011011011000100
01111110000110010101110010010000
01111110000110011000001001100100
01111110000110011010100001000000
01111110000110011100111000100100
01111110000110011111010000010000
01111110000110100001101000000100
01111110000110100100000000000000
01111110000110100110011000000100
01111110000110101000110000010000
01111110000110101011001000100100
01111110000110101101100001000000
01111110000110101111111001100100
01111110000110110010010010010000
01111110000110110100101011000100
01111110000110110111000100000000
01111110000110111001011101000100
01111110000110111011110110010000
01111110000110111110001111100100
01111110000111000000101001000000
01111110000111000011000010100100
01111110000111000101011100010000
01111110000111000111110110000100
01111110000111001010010000000000
01111110000111001100101010000100
01111110000111001111000100010000
01111110000111010001011110100100
01111110000111010011111001000000
01111110000111010110010011100100
01111110000111011000101110010000
01111110000111011011001001000100
01111110000111011101100100000000
01111110000111011111111111000100
01111110000111100010011010010000
01111110000111100100110101100100
01111110000111100111010001000000
01111110000111101001101100100100
01111110000111101100001000010000
01111110000111101110100100000100
01111110000111110001000000000000
01111110000111110011011100000100
01111110000111110101111000010000
01111110000111111000010100100100
01111110000111111010110001000000
01111110000111111101001101100100
01111110000111111111101010010000
01111110001000000010000111000100
01111110001000000100100100000000
01111110001000000111000001000100
01111110001000001001011110010000
01111110001000001011111011100100
01111110001000001110011001000000
01111110001000010000110110100100
01111110001000010011010100010000
01111110001000010101110010000100
01111110001000011000010000000000
01111110001000011010101110000100
01111110001000011101001100010000
01111110001000011111101010100100
01111110001000100010001001000000
01111110001000100100100111100100
01111110001000100111000110010000
01111110001000101001100101000100
01111110001000101100000100000000
01111110001000101110100011000100
01111110001000110001000010010000
01111110001000110011100001100100
01111110001000110110000001000000
01111110001000111000100000100100
01111110001000111011000000010000
01111110001000111101100000000100
01111110001001000000000000000000
01111110001001000010100000000100
01111110001001000101000000010000
01111110001001000111100000100100
01111110001001001010000001000000
01111110001001001100100001100100
01111110001001001111000010010000
01111110001001010001100011000100
01111110001001010100000100000000
01111110001001010110100101000100
01111110001001011001000110010000
01111110001001011011100111100100
01111110001001011110001001000000
01111110001001100000101010100100
01111110001001100011001100010000
01111110001001100101101110000100
01111110001001101000010000000000
01111110001001101010110010000100
01111110001001101101010100010000
01111110001001101111110110100100
01111110001001110010011001000000
01111110001001110100111011100100
01111110001001110111011110010000
01111110001001111010000001000100
01111110001001111100100100000000
01111110001001111111000111000100
01111110001010000001101010010000
01111110001010000100001101100100
01111110001010000110110001000000
01111110001010001001010100100100
01111110001010001011111000010000
01111110001010001110011100000100
01111110001010010001000000000000
01111110001010010011100100000100
01111110001010010110001000010000
01111110001010011000101100100100
01111110001010011011010001000000
01111110001010011101110101100100
01111110001010100000011010010000
01111110001010100010111111000100
01111110001010100101100100000000
01111110001010101000001001000100
01111110001010101010101110010000
01111110001010101101010011100100
01111110001010101111111001000000
01111110001010110010011110100100
01111110001010110101000100010000
01111110001010110111101010000100
01111110001010111010010000000000
01111110001010111100110110000100
01111110001010111111011100010000
01111110001011000010000010100100
01111110001011000100101001000000
01111110001011000111001111100100
01111110001011001001110110010000
01111110001011001100011101000100
01111110001011001111000100000000
01111110001011010001101011000100
01111110001011010100010010010000
01111110001011010110111001100100
01111110001011011001100001000000
01111110001011011100001000100100
01111110001011011110110000010000
01111110001011100001011000000100
01111110001011100100000000000000
01111110001011100110101000000100
01111110001011101001010000010000
01111110001011101011111000100100
01111110001011101110100001000000
01111110001011110001001001100100
01111110001011110011110010010000
01111110001011110110011011000100
01111110001011111001000100000000
01111110001011111011101101000100
01111110001011111110010110010000
01111110001100000000111111100100
01111110001100000011101001000000
01111110001100000110010010100100
01111110001100001000111100010000
01111110001100001011100110000100
01111110001100001110010000000000
01111110001100010000111010000100
01111110001100010011100100010000
01111110001100010110001110100100
01111110001100011000111001000000
01111110001100011011100011100100
01111110001100011110001110010000
01111110001100100000111001000100
01111110001100100011100100000000
01111110001100100110001111000100
01111110001100101000111010010000
01111110001100101011100101100100
01111110001100101110010001000000
01111110001100110000111100100100
01111110001100110011101000010000
01111110001100110110010100000100
01111110001100111001000000000000
01111110001100111011101100000100
01111110001100111110011000010000
01111110001101000001000100100100
01111110001101000011110001000000
01111110001101000110011101100100
01111110001101001001001010010000
01111110001101001011110111000100
01111110001101001110100100000000
01111110001101010001010001000100
01111110001101010011111110010000
01111110001101010110101011100100
01111110001101011001011001000000
01111110001101011100000110100100
01111110001101011110110100010000
01111110001101100001100010000100
01111110001101100100010000000000
01111110001101100110111110000100
01111110001101101001101100010000
01111110001101101100011010100100
01111110001101101111001001000000
01111110001101110001110111100100
01111110001101110100100110010000
01111110001101110111010101000100
01111110001101111010000100000000
01111110001101111100110011000100
01111110001101111111100010010000
01111110001110000010010001100100
01111110001110000101000001000000
01111110001110000111110000100100
01111110001110001010100000010000
01111110001110001101010000000100
01111110001110010000000000000000
01111110001110010010110000000100
01111110001110010101100000010000
01111110001110011000010000100100
01111110001110011011000001000000
01111110001110011101110001100100
01111110001110100000100010010000
01111110001110100011010011000100
01111110001110100110000100000000
01111110001110101000110101000100
01111110001110101011100110010000
01111110001110101110010111100100
01111110001110110001001001000000
01111110001110110011111010100100
01111110001110110110101100010000
01111110001110111001011110000100
01111110001110111100010000000000
01111110001110111111000010000100
01111110001111000001110100010000
01111110001111000100100110100100
01111110001111000111011001000000
01111110001111001010001011100100
01111110001111001100111110010000
01111110001111001111110001000100
01111110001111010010100100000000
01111110001111010101010111000100
01111110001111011000001010010000
01111110001111011010111101100100
01111110001111011101110001000000
01111110001111100000100100100100
01111110001111100011011000010000
01111110001111100110001100000100
01111110001111101001000000000000
01111110001111101011110100000100
01111110001111101110101000010000
01111110001111110001011100100100
01111110001111110100010001000000
01111110001111110111000101100100
01111110001111111001111010010000
01111110001111111100101111000100
01111110001111111111100100000000
01111110010000000001001100100010
01111110010000000010100111001000
01111110010000000100000001110010
01111110010000000101011100100000
01111110010000000110110111010010
01111110010000001000010010001000
01111110010000001001101101000010
01111110010000001011001000000000
01111110010000001100100011000010
01111110010000001101111110001000
01111110010000001111011001010010
01111110010000010000110100100000
01111110010000010010001111110010
01111110010000010011101011001000
01111110010000010101000110100010
01111110010000010110100010000000
01111110010000010111111101100010
01111110010000011001011001001000
01111110010000011010110100110010
01111110010000011100010000100000
01111110010000011101101100010010
01111110010000011111001000001000
01111110010000100000100100000010
01111110010000100010000000000000
01111110010000100011011100000010
01111110010000100100111000001000
01111110010000100110010100010010
01111110010000100111110000100000
01111110010000101001001100110010
01111110010000101010101001001000
01111110010000101100000101100010
01111110010000101101100010000000
01111110010000101110111110100010
01111110010000110000011011001000
01111110010000110001110111110010
01111110010000110011010100100000
01111110010000110100110001010010
01111110010000110110001110001000
01111110010000110111101011000010
01111110010000111001001000000000
01111110010000111010100101000010
01111110010000111100000010001000
01111110010000111101011111010010
01111110010000111110111100100000
01111110010001000000011001110010
01111110010001000001110111001000
01111110010001000011010100100010
01111110010001000100110010000000
01111110010001000110001111100010
01111110010001000111101101001000
01111110010001001001001010110010
01111110010001001010101000100000
01111110010001001100000110010010
01111110010001001101100100001000
01111110010001001111000010000010
01111110010001010000100000000000
01111110010001010001111110000010
01111110010001010011011100001000
01111110010001010100111010010010
01111110010001010110011000100000
01111110010001010111110110110010
01111110010001011001010101001000
01111110010001011010110011100010
01111110010001011100010010000000
01111110010001011101110000100010
01111110010001011111001111001000
01111110010001100000101101110010
01111110010001100010001100100000
01111110010001100011101011010010
01111110010001100101001010001000
01111110010001100110101001000010
01111110010001101000001000000000
01111110010001101001100111000010
01111110010001101011000110001000
01111110010001101100100101010010
01111110010001101110000100100000
01111110010001101111100011110010
01111110010001110001000011001000
01111110010001110010100010100010
01111110010001110100000010000000
01111110010001110101100001100010
01111110010001110111000001001000
01111110010001111000100000110010
01111110010001111010000000100000
01111110010001111011100000010010
01111110010001111101000000001000
01111110010001111110100000000010
01111110010010000000000000000000
01111110010010000001100000000010
01111110010010000011000000001000
01111110010010000100100000010010
01111110010010000110000000100000
01111110010010000111100000110010
01111110010010001001000001001000
01111110010010001010100001100010
01111110010010001100000010000000
01111110010010001101100010100010
01111110010010001111000011001000
01111110010010010000100011110010
01111110010010010010000100100000
01111110010010010011100101010010
01111110010010010101000110001000
01111110010010010110100111000010
01111110010010011000001000000000
01111110010010011001101001000010
01111110010010011011001010001000
01111110010010011100101011010010
01111110010010011110001100100000
01111110010010011111101101110010
01111110010010100001001111001000
01111110010010100010110000100010
01111110010010100100010010000000
01111110010010100101110011100010
01111110010010100111010101001000
01111110010010101000110110110010
01111110010010101010011000100000
01111110010010101011111010010010
01111110010010101101011100001000
01111110010010101110111110000010
01111110010010110000100000000000
01111110010010110010000010000010
01111110010010110011100100001000
01111110010010110101000110010010
01111110010010110110101000100000
01111110010010111000001010110010
01111110010010111001101101001000
01111110010010111011001111100010
01111110010010111100110010000000
01111110010010111110010100100010
01111110010010111111110111001000
01111110010011000001011001110010
01111110010011000010111100100000
01111110010011000100011111010010
01111110010011000110000010001000
01111110010011000111100101000010
01111110010011001001001000000000
01111110010011001010101011000010
01111110010011001100001110001000
01111110010011001101110001010010
01111110010011001111010100100000
01111110010011010000110111110010
01111110010011010010011011001000
01111110010011010011111110100010
01111110010011010101100010000000
01111110010011010111000101100010
01111110010011011000101001001000
01111110010011011010001100110010
01111110010011011011110000100000
01111110010011011101010100010010
01111110010011011110111000001000
01111110010011100000011100000010
01111110010011100010000000000000
01111110010011100011100100000010
01111110010011100101001000001000
01111110010011100110101100010010
01111110010011101000010000100000
01111110010011101001110100110010
01111110010011101011011001001000
01111110010011101100111101100010
01111110010011101110100010000000
01111110010011110000000110100010
01111110010011110001101011001000
01111110010011110011001111110010
01111110010011110100110100100000
01111110010011110110011001010010
01111110010011110111111110001000
01111110010011111001100011000010
01111110010011111011001000000000
01111110010011111100101101000010
01111110010011111110010010001000
01111110010011111111110111010010
01111110010100000001011100100000
01111110010100000011000001110010
01111110010100000100100111001000
01111110010100000110001100100010
01111110010100000111110010000000
01111110010100001001010111100010
01111110010100001010111101001000
01111110010100001100100010110010
01111110010100001110001000100000
01111110010100001111101110010010
01111110010100010001010100001000
01111110010100010010111010000010
01111110010100010100100000000000
01111110010100010110000110000010
01111110010100010111101100001000
01111110010100011001010010010010
01111110010100011010111000100000
01111110010100011100011110110010
01111110010100011110000101001000
01111110010100011111101011100010
01111110010100100001010010000000
01111110010100100010111000100010
01111110010100100100011111001000
01111110010100100110000101110010
01111110010100100111101100100000
01111110010100101001010011010010
01111110010100101010111010001000
01111110010100101100100001000010
01111110010100101110001000000000
01111110010100101111101111000010
01111110010100110001010110001000
01111110010100110010111101010010
01111110010100110100100100100000
01111110010100110110001011110010
01111110010100110111110011001000
01111110010100111001011010100010
01111110010100111011000010000000
01111110010100111100101001100010
01111110010100111110010001001000
01111110010100111111111000110010
01111110010101000001100000100000
01111110010101000011001000010010
01111110010101000100110000001000
01111110010101000110011000000010
01111110010101001000000000000000
01111110010101001001101000000010
01111110010101001011010000001000
01111110010101001100111000010010
01111110010101001110100000100000
01111110010101010000001000110010
01111110010101010001110001001000
01111110010101010011011001100010
01111110010101010101000010000000
01111110010101010110101010100010
01111110010101011000010011001000
01111110010101011001111011110010
01111110010101011011100100100000
01111110010101011101001101010010
01111110010101011110110110001000
01111110010101100000011111000010
01111110010101100010001000000000
01111110010101100011110001000010
01111110010101100101011010001000
01111110010101100111000011010010
01111110010101101000101100100000
01111110010101101010010101110010
01111110010101101011111111001000
01111110010101101101101000100010
01111110010101101111010010000000
01111110010101110000111011100010
01111110010101110010100101001000
01111110010101110100001110110010
01111110010101110101111000100000
01111110010101110111100010010010
01111110010101111001001100001000
01111110010101111010110110000010
01111110010101111100100000000000
01111110010101111110001010000010
01111110010101111111110100001000
01111110010110000001011110010010
01111110010110000011001000100000
01111110010110000100110010110010
01111110010110000110011101001000
01111110010110001000000111100010
01111110010110001001110010000000
01111110010110001011011100100010
01111110010110001101000111001000
01111110010110001110110001110010
01111110010110010000011100100000
01111110010110010010000111010010
01111110010110010011110010001000
01111110010110010101011101000010
01111110010110010111001000000000
01111110010110011000110011000010
01111110010110011010011110001000
01111110010110011100001001010010
01111110010110011101110100100000
01111110010110011111011111110010
01111110010110100001001011001000
01111110010110100010110110100010
01111110010110100100100010000000
01111110010110100110001101100010
01111110010110100111111001001000
01111110010110101001100100110010
01111110010110101011010000100000
01111110010110101100111100010010
01111110010110101110101000001000
01111110010110110000010100000010
01111110010110110010000000000000
01111110010110110011101100000010
01111110010110110101011000001000
01111110010110110111000100010010
01111110010110111000110000100000
01111110010110111010011100110010
01111110010110111100001001001000
01111110010110111101110101100010
01111110010110111111100010000000
01111110010111000001001110100010
01111110010111000010111011001000
01111110010111000100100111110010
01111110010111000110010100100000
01111110010111001000000001010010
01111110010111001001101110001000
01111110010111001011011011000010
01111110010111001101001000000000
01111110010111001110110101000010
01111110010111010000100010001000
01111110010111010010001111010010
01111110010111010011111100100000
01111110010111010101101001110010
01111110010111010111010111001000
01111110010111011001000100100010
01111110010111011010110010000000
01111110010111011100011111100010
01111110010111011110001101001000
01111110010111011111111010110010
01111110010111100001101000100000
01111110010111100011010110010010
01111110010111100101000100001000
01111110010111100110110010000010
01111110010111101000100000000000
01111110010111101010001110000010
01111110010111101011111100001000
01111110010111101101101010010010
01111110010111101111011000100000
01111110010111110001000110110010
01111110010111110010110101001000
01111110010111110100100011100010
01111110010111110110010010000000
01111110010111111000000000100010
01111110010111111001101111001000
01111110010111111011011101110010
01111110010111111101001100100000
01111110010111111110111011010010
01111110011000000000101010001000
01111110011000000010011001000010
01111110011000000100001000000000
01111110011000000101110111000010
01111110011000000111100110001000
01111110011000001001010101010010
01111110011000001011000100100000
01111110011000001100110011110010
01111110011000001110100011001000
01111110011000010000010010100010
01111110011000010010000010000000
01111110011000010011110001100010
01111110011000010101100001001000
01111110011000010111010000110010
01111110011000011001000000100000
01111110011000011010110000010010
01111110011000011100100000001000
01111110011000011110010000000010
01111110011000100000000000000000
01111110011000100001110000000010
01111110011000100011100000001000
01111110011000100101010000010010
01111110011000100111000000100000
01111110011000101000110000110010
01111110011000101010100001001000
01111110011000101100010001100010
01111110011000101110000010000000
01111110011000101111110010100010
01111110011000110001100011001000
01111110011000110011010011110010
01111110011000110101000100100000
01111110011000110110110101010010
01111110011000111000100110001000
01111110011000111010010111000010
01111110011000111100001000000000
01111110011000111101111001000010
01111110011000111111101010001000
01111110011001000001011011010010
01111110011001000011001100100000
01111110011001000100111101110010
01111110011001000110101111001000
01111110011001001000100000100010
01111110011001001010010010000000
01111110011001001100000011100010
01111110011001001101110101001000
01111110011001001111100110110010
01111110011001010001011000100000
01111110011001010011001010010010
01111110011001010100111100001000
01111110011001010110101110000010
01111110011001011000100000000000
01111110011001011010010010000010
01111110011001011100000100001000
01111110011001011101110110010010
01111110011001011111101000100000
01111110011001100001011010110010
01111110011001100011001101001000
01111110011001100100111111100010
01111110011001100110110010000000
01111110011001101000100100100010
01111110011001101010010111001000
01111110011001101100001001110010
01111110011001101101111100100000
01111110011001101111101111010010
01111110011001110001100010001000
01111110011001110011010101000010
01111110011001110101001000000000
01111110011001110110111011000010
01111110011001111000101110001000
01111110011001111010100001010010
01111110011001111100010100100000
01111110011001111110000111110010
01111110011001111111111011001000
01111110011010000001101110100010
01111110011010000011100010000000
01111110011010000101010101100010
01111110011010000111001001001000
01111110011010001000111100110010
01111110011010001010110000100000
01111110011010001100100100010010
01111110011010001110011000001000
01111110011010010000001100000010
01111110011010010010000000000000
01111110011010010011110100000010
01111110011010010101101000001000
01111110011010010111011100010010
01111110011010011001010000100000
01111110011010011011000100110010
01111110011010011100111001001000
01111110011010011110101101100010
01111110011010100000100010000000
01111110011010100010010110100010
01111110011010100100001011001000
01111110011010100101111111110010
01111110011010100111110100100000
01111110011010101001101001010010
01111110011010101011011110001000
01111110011010101101010011000010
01111110011010101111001000000000
01111110011010110000111101000010
01111110011010110010110010001000
01111110011010110100100111010010
01111110011010110110011100100000
01111110011010111000010001110010
01111110011010111010000111001000
01111110011010111011111100100010
01111110011010111101110010000000
01111110011010111111100111100010
01111110011011000001011101001000
01111110011011000011010010110010
01111110011011000101001000100000
01111110011011000110111110010010
01111110011011001000110100001000
01111110011011001010101010000010
01111110011011001100100000000000
01111110011011001110010110000010
01111110011011010000001100001000
01111110011011010010000010010010
01111110011011010011111000100000
01111110011011010101101110110010
01111110011011010111100101001000
01111110011011011001011011100010
01111110011011011011010010000000
01111110011011011101001000100010
01111110011011011110111111001000
01111110011011100000110101110010
01111110011011100010101100100000
01111110011011100100100011010010
01111110011011100110011010001000
01111110011011101000010001000010
01111110011011101010001000000000
01111110011011101011111111000010
01111110011011101101110110001000
01111110011011101111101101010010
01111110011011110001100100100000
01111110011011110011011011110010
01111110011011110101010011001000
01111110011011110111001010100010
01111110011011111001000010000000
01111110011011111010111001100010
01111110011011111100110001001000
01111110011011111110101000110010
01111110011100000000100000100000
01111110011100000010011000010010
01111110011100000100010000001000
01111110011100000110001000000010
01111110011100001000000000000000
01111110011100001001111000000010
01111110011100001011110000001000
01111110011100001101101000010010
01111110011100001111100000100000
01111110011100010001011000110010
01111110011100010011010001001000
01111110011100010101001001100010
01111110011100010111000010000000
01111110011100011000111010100010
01111110011100011010110011001000
01111110011100011100101011110010
01111110011100011110100100100000
01111110011100100000011101010010
01111110011100100010010110001000
01111110011100100100001111000010
01111110011100100110001000000000
01111110011100101000000001000010
01111110011100101001111010001000
01111110011100101011110011010010
01111110011100101101101100100000
01111110011100101111100101110010
01111110011100110001011111001000
01111110011100110011011000100010
01111110011100110101010010000000
01111110011100110111001011100010
01111110011100111001000101001000
01111110011100111010111110110010
01111110011100111100111000100000
01111110011100111110110010010010
01111110011101000000101100001000
01111110011101000010100110000010
01111110011101000100100000000000
01111110011101000110011010000010
01111110011101001000010100001000
01111110011101001010001110010010
01111110011101001100001000100000
01111110011101001110000010110010
01111110011101001111111101001000
01111110011101010001110111100010
01111110011101010011110010000000
01111110011101010101101100100010
01111110011101010111100111001000
01111110011101011001100001110010
01111110011101011011011100100000
01111110011101011101010111010010
01111110011101011111010010001000
01111110011101100001001101000010
01111110011101100011001000000000
01111110011101100101000011000010
01111110011101100110111110001000
01111110011101101000111001010010
01111110011101101010110100100000
01111110011101101100101111110010
01111110011101101110101011001000
01111110011101110000100110100010
01111110011101110010100010000000
01111110011101110100011101100010
01111110011101110110011001001000
01111110011101111000010100110010
01111110011101111010010000100000
01111110011101111100001100010010
01111110011101111110001000001000
01111110011110000000000100000010
01111110011110000010000000000000
01111110011110000011111100000010
01111110011110000101111000001000
01111110011110000111110100010010
01111110011110001001110000100000
01111110011110001011101100110010
01111110011110001101101001001000
01111110011110001111100101100010
01111110011110010001100010000000
01111110011110010011011110100010
01111110011110010101011011001000
01111110011110010111010111110010
01111110011110011001010100100000
01111110011110011011010001010010
01111110011110011101001110001000
01111110011110011111001011000010
01111110011110100001001000000000
01111110011110100011000101000010
01111110011110100101000010001000
01111110011110100110111111010010
01111110011110101000111100100000
01111110011110101010111001110010
01111110011110101100110111001000
01111110011110101110110100100010
01111110011110110000110010000000
01111110011110110010101111100010
01111110011110110100101101001000
01111110011110110110101010110010
01111110011110111000101000100000
01111110011110111010100110010010
01111110011110111100100100001000
01111110011110111110100010000010
01111110011111000000100000000000
01111110011111000010011110000010
01111110011111000100011100001000
01111110011111000110011010010010
01111110011111001000011000100000
01111110011111001010010110110010
01111110011111001100010101001000
01111110011111001110010011100010
01111110011111010000010010000000
01111110011111010010010000100010
01111110011111010100001111001000
01111110011111010110001101110010
01111110011111011000001100100000
01111110011111011010001011010010
01111110011111011100001010001000
01111110011111011110001001000010
01111110011111100000001000000000
01111110011111100010000111000010
01111110011111100100000110001000
01111110011111100110000101010010
01111110011111101000000100100000
01111110011111101010000011110010
01111110011111101100000011001000
